101,ap,5.829909570495253,4.804579688626782,-0.024267296111603748
102,ap,5.896556870273428,4.071125037704637,-0.03204132731281474
103,ap,5.47498784107283,5.011982194953962,-0.03489081139758574
104,ap,5.835444362869712,5.461339986474664,-0.020530695323902788
105,ap,5.1248099900693855,2.275029120713399,-0.012139762627142942
106,ap,5.818267089233962,3.3579354469723652,-0.012085267079762818
107,ap,5.677749388085359,4.084862768884117,-0.03451760762996966
108,ap,5.3481341831819105,4.8217658574380335,-0.023825336835574182
109,ap,5.748610378018152,3.835187726672463,-0.025654849359870675
110,ap,5.227021790151731,3.3321744949396317,-0.021437152862311536
111,ap,5.958204226966155,5.81977022305297,-0.01540619374876369
112,ap,6.228563620622906,5.3837695691663106,-0.053564850724504155
113,ap,6.626769486488048,3.8540641500531914,-0.02111801102533522
114,ap,6.817635283831047,5.378231357887175,-0.015807575551359438
115,ap,5.843143213581726,2.9837532279145753,-0.021381118941363172
116,ap,6.871609336534668,4.819146995744245,-0.00745898247198194
117,ap,6.327011761730597,3.5247141237274553,-0.020640553059302007
118,ap,5.575998945206958,3.7987911971375548,-0.015157138350371864
119,ap,5.408095270040231,3.4291324343340044,-0.015860703991837775
120,ap,5.837111314888207,2.5419234995656215,-0.008098547139221925
121,ap,6.090717419944991,3.163130857511973,-0.009475066389499501
122,ap,6.048379598140813,2.8644354547898105,-0.029483222031390408
123,ap,6.709930676098705,3.512991847460916,-0.02060561351698934
124,ap,6.467742563407561,4.364521659250654,-0.03901888147236265
125,ap,6.433415062548135,2.9880133779923583,-0.025074823718140668
126,ap,6.0474570263050005,3.1683018882363223,-0.035456440196778564
127,ap,5.005503498555908,4.137822072029547,-0.029451303471446758
128,ap,5.509301777898172,3.9107318790756915,-0.024137855850429612
129,ap,5.983736565944221,3.072531323956898,-0.012994987156769623
130,ap,5.442304816170285,4.564622321573695,-0.015429958821313013
131,ap,5.480352419662636,5.568846484296442,-0.022988258865856388
132,ap,6.5379148729488135,5.366400452077379,-0.0309976454697049
133,ap,7.0283685210178986,8.707865376393675,-0.03886120811102536
134,ap,6.927917425346927,4.394839635039689,-0.1469160568824914
135,ap,6.7067072275857695,3.276041896864592,-0.03167262367609913
136,ap,5.871743593703733,4.704964320787752,-0.014993529160012117
137,ap,6.6733632153178,3.115122118813423,-0.02076921718511383
138,ap,5.684465956194626,5.092790287967504,-0.023671843609955907
139,ap,5.986164949718453,3.4042579173740095,-0.017606141522554332
140,ap,6.255243889081758,4.461710413271133,-0.00900969504750672
141,ap,5.264469548581819,3.1486251107408014,-0.018626703709777134
142,ap,5.463895884537523,2.601415959943311,-0.021887707313244756
143,ap,5.394340267161221,2.858265302109851,-0.01623014365510237
144,ap,5.337767950650449,2.0970871592821045,-0.00913635854060384
145,ap,6.014365026623855,3.583607047618372,-0.036686256515407974
146,ap,5.562530057979458,2.8514624928037575,-0.005052025856295767
147,ap,4.889068651607138,3.5714256654020593,-0.01715016392388382
148,ap,5.56330997963484,3.165126941974952,-0.032134631760058714
149,ap,5.737076584957163,4.141713071020034,-0.0334928719889964
150,ap,5.5828480340154405,3.0027089469036463,-0.01844115126272623
151,ap,6.663440927618999,4.25572230826006,-0.01311697160466709
152,ap,5.607066246572955,2.9631440235406648,-0.015175479528258096
153,ap,5.680626274782514,4.623013762686644,-0.013477165964179217
154,ap,6.335303563331842,5.89765641051813,-0.02108691980628976
155,ap,6.300660906248232,3.5387966893630676,-0.023439854094707252
156,ap,5.382801081210706,3.3169323331742513,-0.013233192058543555
157,ap,6.791258123589492,5.188057958630365,-0.052019613263406005
158,ap,5.030490461382796,2.3090687141985997,-0.008231027632009447
159,ap,6.022262075970014,3.14105862171346,-0.048135500698357384
160,ap,7.054975006296903,3.5737020276758846,-0.02462123045408664
161,ap,6.528282245635379,5.777431779802573,-0.015783553839205957
162,ap,6.605201396769018,4.988497783809035,-0.04849920558046041
163,ap,6.65840442820003,7.06398676424522,-0.01963542102295158
164,ap,6.686965453647706,4.68248755227118,-0.01675371349930667
165,ap,6.290722574856266,3.3770438565942973,-0.02548117322343515
166,ap,5.746503259208485,4.573324028264788,-0.03289424973702143
167,ap,6.755221030079403,3.6182432439953645,-0.026838248920983823
168,ap,6.9022614949150505,4.34966168562953,-0.06166469538141348
169,ap,6.283110946486369,4.405079752532929,-0.029036689396543223
170,ap,7.851307393630372,5.014313105913135,-0.11449176722936721
171,ap,5.597428661087522,3.167337054858619,-0.013322616440981967
172,ap,6.705450647800858,3.097419808402773,-0.01154885184342019
173,ap,6.526012692264927,5.976266712681162,-0.03635010141779889
174,ap,6.504860281984855,6.744089934309126,-0.016709441041471332
175,ap,6.682887657446894,5.46734513482518,-0.014881017377202774
176,ap,5.91943264105689,2.3404379717066592,-0.008844213154181733
177,ap,6.086396191257329,3.3827567632176887,-0.012797343509172407
178,ap,6.61778026646238,3.842812497444291,-0.12316188054900054
179,ap,5.8585955578895454,2.977807451066616,-0.011752256724241631
180,ap,6.1633679916922866,4.264735153196961,-0.016726572699426078
181,ap,5.73076569746518,2.1838345980159146,-0.012644218492289023
182,ap,7.097818049847866,3.7362902859754477,-0.027716786532013912
183,ap,6.847019285886109,6.513175247420625,-0.03758733617485732
184,ap,5.980244958208159,5.074349338714274,-0.016920617946963305
185,ap,5.487613247852233,3.07095123562575,-0.008573800415882961
186,ap,5.373200968081189,3.0110051440259693,-0.010043343401194766
187,ap,5.763526992877255,2.6401664540658603,-0.017233313764345056
188,ap,6.044796365014848,6.530811972877656,-0.07003472549209996
189,ap,5.740649397817985,3.286340600864565,-0.02916622109765327
190,ap,5.694278670958668,2.4203812138811545,-0.008703956288889777
191,ap,5.172025873833911,2.9955940668501992,-0.012736736982425924
192,ap,6.052885297211868,6.195736450905466,-0.01056607444498295
193,ap,7.047760353546864,5.022674100357932,-0.037679899423090975
194,ap,4.761863903838278,2.366118020909652,-0.009512342486026646
195,ap,5.0791147276175685,2.880811846160637,-0.008982276888745526
196,ap,5.455422705255198,2.6444531225796233,-0.013351925970919741
197,ap,5.299277613043353,2.4037112671808827,-0.011606178312062237
198,ap,7.4934834108133,3.304284180276084,-0.01779110639675448
199,ap,6.21073001511175,3.3003562379552656,-0.03451129442713358
200,ap,5.989968485158839,3.8898703880504164,-0.013583108942653929
101,wikipedia,6.38639733952545,5.312393485696677,-0.01704409701836109
102,wikipedia,6.430294356528407,5.000599283888059,-0.025400155491508945
103,wikipedia,6.713070733983133,6.546321178025737,-0.053380737712464
104,wikipedia,6.349350550452081,7.9871451906585405,-0.04770742662821758
105,wikipedia,6.996527872990524,5.004276822687821,-0.04148322554996893
106,wikipedia,7.877511309553843,5.398701006827878,-0.03293274479039709
107,wikipedia,7.185740566665217,6.240961878737375,-0.043055922527226335
108,wikipedia,6.326012994010946,6.315512620182756,-0.0239607761981683
109,wikipedia,6.508831013368856,4.629320430848318,-0.02217892058428491
110,wikipedia,6.039687804036505,4.513111653639887,-0.02444222092340966
111,wikipedia,6.943487825259798,8.222060248984887,-0.03126546155736059
112,wikipedia,6.232523762269943,6.395344625311657,-0.01507685900906297
113,wikipedia,7.10979281126402,5.495253712947557,-0.020087720110060985
114,wikipedia,7.171045687735441,6.53000600864541,-0.03188715769101002
115,wikipedia,6.264563431670428,4.106925401319764,-0.0273624188595424
116,wikipedia,7.483929338275891,6.602532933757639,-0.04508096232775717
117,wikipedia,6.737967154397403,5.495224997375518,-0.01496073688134504
118,wikipedia,6.717149705606667,5.152468166040984,-0.019863407362752546
119,wikipedia,6.233301136717936,5.341122736567597,-0.02235344691497555
120,wikipedia,5.902625865429239,4.6065128224219105,-0.015402151753964324
121,wikipedia,7.484397385132606,4.227705821834102,-0.024946070195231637
122,wikipedia,10.15548093350146,3.804923922447472,-0.012232118938339967
123,wikipedia,7.811321052755283,4.799595852642048,-0.015083935607418478
124,wikipedia,6.930739749698727,5.770132702230236,-0.03857616839347729
125,wikipedia,7.450499855869074,4.45912717166434,-0.019853906675647032
126,wikipedia,6.902325912966314,4.954764152176876,-0.02977695809235771
127,wikipedia,5.719226513860338,5.798986657475369,-0.015226159237500207
128,wikipedia,6.70235897827456,6.0466328339037725,-0.0328595041908383
129,wikipedia,5.977296837188741,4.808930783576496,-0.017534079043955153
130,wikipedia,6.332970886246441,6.058959302799367,-0.03591791131104536
131,wikipedia,6.446374206489386,7.356395143203154,-0.05767816999348838
132,wikipedia,6.705456724444452,7.6537085263335385,-0.048021841993420404
133,wikipedia,7.510333182771873,9.787751609039155,-0.042396372073724264
134,wikipedia,7.588792472930175,6.3495514048057,-0.039792167063687954
135,wikipedia,7.089830333791526,4.455336735092541,-0.02112989621267999
136,wikipedia,8.464116357063023,6.028437972983674,-0.05528812984014155
137,wikipedia,6.602655716000372,3.7196375508747623,-0.012214237059654876
138,wikipedia,7.784931782361636,7.19599067811819,-0.05051491677252226
139,wikipedia,6.58818325947115,6.128002076429731,-0.019609257901687716
140,wikipedia,6.842725775889511,6.544172598337023,-0.030831158576442426
141,wikipedia,6.273303594278164,4.164429039595345,-0.025327460904678755
142,wikipedia,6.774934715777672,4.457615120818098,-0.011588383153515158
143,wikipedia,8.54950172022659,4.31827664604271,-0.010977516215403776
144,wikipedia,5.8788514600683515,3.5093083259617517,-0.01274108878428066
145,wikipedia,6.694622620166242,6.483914713925982,-0.05539208844820119
146,wikipedia,5.777364999784368,4.276161509430335,-0.02099965890419842
147,wikipedia,5.49805163942694,5.329868491460621,-0.016498564196332836
148,wikipedia,5.9759900377518775,4.136442943062689,-0.019788750176717496
149,wikipedia,6.629927045452339,6.616880770338312,-0.07715895206963397
150,wikipedia,6.075119523278497,5.552569483781494,-0.04554121185135633
151,wikipedia,8.906305435047345,5.747371263638934,-0.0158958619547502
152,wikipedia,6.740914035099252,3.9020453915371363,-0.01520432409609724
153,wikipedia,6.438840602113863,7.755109064365092,-0.029937509474596904
154,wikipedia,7.951812230695825,8.67698819171652,-0.05237571247107129
155,wikipedia,6.396496713833028,5.148674038498621,-0.03662189874920601
156,wikipedia,6.014207440087096,5.834702878501684,-0.027986218309078242
157,wikipedia,8.120665746410317,8.383793641215217,-0.033466001799296895
158,wikipedia,5.578330904512012,3.8069267110003464,-0.012248634792047979
159,wikipedia,6.350687677316482,5.390543981404457,-0.024500841746431874
160,wikipedia,8.140690513382495,5.604769488720554,-0.016098290459308814
161,wikipedia,7.823652918772828,6.1196044467877675,-0.07431289774539179
162,wikipedia,7.479542775466704,5.998053125499275,-0.041256887223736924
163,wikipedia,6.37272261024071,7.202709700142175,-0.055850717824415946
164,wikipedia,7.325713451372702,6.507157730201582,-0.026371999102646468
165,wikipedia,7.377894198636471,4.981635096712143,-0.034671070029448275
166,wikipedia,6.145895617723963,6.060354960119705,-0.033243233882722475
167,wikipedia,6.708755366879666,4.689403582750231,-0.01458573569121152
168,wikipedia,5.833858878789347,6.570161066311944,-0.02687136273568856
169,wikipedia,8.541453232571886,6.10494292446351,-0.033359374014876646
170,wikipedia,9.223674434710011,8.166262516745867,-0.10343737184280094
171,wikipedia,7.332562863421643,4.99479832474577,-0.0067130132829794145
172,wikipedia,8.400450848690395,5.387592066341336,-0.026973398394418396
173,wikipedia,7.141942472559687,9.70113991361183,-0.0644509096386717
174,wikipedia,8.158973081509185,10.082927206698441,-0.03522663738620321
175,wikipedia,6.752090699711778,7.9976132578742165,-0.035961694179491646
176,wikipedia,6.825066920692735,4.4226479387520445,-0.043647550286556425
177,wikipedia,5.656007488239622,4.357754946354164,-0.020368301023425274
178,wikipedia,7.5615496675785385,7.900228710166607,-0.11528820786866081
179,wikipedia,6.2516514839814565,3.010391899489151,-0.010901677032709745
180,wikipedia,6.159037563405404,6.313445142475777,-0.01780982426264445
181,wikipedia,8.264569090995579,3.6389901673281138,-0.027011526551419328
182,wikipedia,7.886378886768551,6.655057786980048,-0.025716123760585855
183,wikipedia,8.42550884190097,8.051360853413108,-0.06208953756064399
184,wikipedia,7.0800617846873575,7.186723279315046,-0.03881857606047981
185,wikipedia,6.081742637530974,4.224007733559836,-0.017602349196055134
186,wikipedia,5.409516126311151,3.9502682670333806,-0.00927467837481812
187,wikipedia,6.0756207438535785,3.359100421110418,-0.006400664721593558
188,wikipedia,6.626822565531871,8.182444237989973,-0.04209311735862696
189,wikipedia,6.04810931112068,4.746644687683622,-0.011964658813257287
190,wikipedia,6.371073924932547,4.339616680134574,-0.01889818010088159
191,wikipedia,5.862918102270379,4.338247690835916,-0.012123950361019138
192,wikipedia,7.714647972348162,10.528679024403736,-0.03008807105964882
193,wikipedia,6.890615786460429,5.49127855912017,-0.06337034901942964
194,wikipedia,6.19454780096023,3.204796971810391,-0.005671783768737141
195,wikipedia,7.236575123285729,5.104797977692866,-0.008877606008044096
196,wikipedia,6.204527525792566,4.198683767903392,-0.028524061629689103
197,wikipedia,6.134786433228865,4.001531576906207,-0.029512272088545035
198,wikipedia,7.321440770164169,4.223525391924239,-0.020878613005345284
199,wikipedia,7.15307369656741,5.295766613287052,-0.04960957445577215
200,wikipedia,6.6019041471304805,5.6206738448583415,-0.022924638824491778
