701,ap,6.1431451013756835,2.9744088864227702,-0.012856725646797986
702,ap,6.090365495050338,3.949428960840334,-0.034466200209581035
703,ap,5.281444526782779,2.2874672055014686,-0.006922723411742102
704,ap,5.064201805890697,2.8723133372645995,-0.009916125892909348
705,ap,5.685356742189909,3.5824567481285614,-0.009192127976242387
706,ap,7.50320294141785,4.216052982467914,-0.06236607849730669
707,ap,6.363691632982053,4.9439128024714005,-0.05890939611773558
708,ap,7.057820990255615,3.362445349664153,-0.006152273611063031
709,ap,7.454350946550984,6.305745871999864,-0.05452602481010313
710,ap,6.386856902756966,6.124189483538885,-0.06447414970751711
711,ap,6.524856463476019,3.2903778949750957,-0.010481086076628846
712,ap,5.7024839536004075,5.54371637382798,-0.022747112824757994
713,ap,6.682951120818169,5.859145622358694,-0.054172037134046634
714,ap,6.1660469265349125,4.535697053322252,-0.04751118338960435
715,ap,6.753067374028954,5.368731255889406,-0.04648642186126335
716,ap,5.545508219343021,2.8553554052360597,-0.016780499239218895
717,ap,5.74373178809378,5.4495287261510725,-0.03767441229054138
718,ap,6.369224278688018,5.330990500270753,-0.051500998511501646
719,ap,6.160785525495908,4.18344792696129,-0.00771011129389543
720,ap,5.361242465064625,4.348201641272927,-0.027319944106939876
721,ap,5.96954361100649,4.432420399547159,-0.026136140364083512
722,ap,5.631491807868005,3.850944492777758,-0.013032545330636067
723,ap,6.07222708269893,5.148580860131129,-0.04800962149633645
724,ap,6.007113180179428,4.314643012149273,-0.018024164182754245
725,ap,6.74043790677276,3.915892808200829,-0.026183990924629873
726,ap,7.154310295811781,7.697432769221743,-0.08589763534236834
727,ap,5.804894451460109,4.689739227296768,-0.021911570100005367
728,ap,6.841908816510769,5.871937900866646,-0.026009471113447532
729,ap,6.024585956384596,5.659254031661175,-0.03864674483451196
730,ap,6.567723079918007,5.13586593607606,-0.05306639606647539
731,ap,6.747094372100402,4.368236101404546,-0.032677843235191996
732,ap,5.884360457420554,3.7202269998890762,-0.03486343845896033
733,ap,5.574777985099266,6.250684201702585,-0.0886775932089661
734,ap,6.6270511150343525,4.63131862735714,-0.07509626878834258
735,ap,5.438795111620767,3.029870866382197,-0.02657301603749552
736,ap,6.105850050375373,3.1900520553726794,-0.025152348887488546
737,ap,6.351569251611729,4.151060638888933,-0.02452966997140547
738,ap,6.782857237643689,5.235072017913128,-0.01350955333495735
739,ap,5.9552959926672395,5.440564955340649,-0.05027629800251025
740,ap,6.120960065294631,3.5249741144966906,-0.03153637886297382
741,ap,6.501343445626812,4.807819350945013,-0.06425380055728283
742,ap,5.676769839353909,3.3453844672213835,-0.020977041853448352
743,ap,6.646281913891091,4.907024367683563,-0.043325468083094676
744,ap,7.1773159418802095,3.780078367334652,-0.0071507487608497115
745,ap,6.423463327798026,4.722396652984385,-0.0262529080287011
746,ap,5.948667139112822,2.975670622368793,-0.11831575961147127
747,ap,6.159259926743473,4.004657995549398,-0.023272750315038053
748,ap,6.16800304662202,4.922694457023067,-0.037484110975210636
749,ap,6.7588565457947825,5.578330974898411,-0.022335048151046092
750,ap,5.1901278525641805,2.861107728067695,-0.01881233486558676
751,ap,6.53466172339845,5.016328898196696,-0.0821171215544156
752,ap,5.9906723238979245,4.47348519644341,-0.06889224014667594
753,ap,5.477859839303072,4.1681873230974436,-0.043534898988738926
754,ap,6.041810573284753,4.017585861472181,-0.03200359431207293
755,ap,6.95581143060153,4.3700841760168405,-0.0536459183766756
756,ap,6.82739898808256,5.506064246799417,-0.027776569660418596
757,ap,7.367026632231014,7.13530035502406,-0.0633313156459403
758,ap,7.400660220592436,4.700997728738036,-0.04720229182840687
759,ap,6.843720490428906,3.7468908075538168,-0.0821157502011115
760,ap,5.738032033949977,3.440659399637245,-0.02192366876197525
761,ap,6.584102115293108,4.500523962540011,-0.06638482328373889
762,ap,5.982216357403163,2.2603072103839756,-0.013066706767891236
763,ap,6.078079500031071,4.0005421100616845,-0.03811042305999654
764,ap,6.082816559473573,3.882053083835751,-0.012998555597307915
765,ap,6.053587813306898,4.572370477811204,-0.05009067314435529
766,ap,6.347515600873138,4.363533315632492,-0.05325019515429782
767,ap,5.78885470814871,3.972708020610161,-0.028059938301390322
768,ap,5.327453871866392,3.703580895430009,-0.021418819299332394
769,ap,6.420402449851402,4.789402935496885,-0.04048648914844385
770,ap,4.87867076143056,2.362707864985256,-0.007198630643855191
771,ap,7.694477254713782,3.9400164561703073,-0.014304052472774378
772,ap,6.984465982348378,4.574720754372104,-0.014483309333150602
773,ap,6.997081953221595,5.969619526287995,-0.044650752538361545
774,ap,5.142641614293719,4.0217481458148985,-0.04729440021937862
775,ap,6.10897428861286,3.9287923701608065,-0.039291426991788635
776,ap,5.474724283297861,5.26505576051706,-0.04339084113232077
777,ap,6.591935342411631,4.613485088079154,-0.024506248056856115
778,ap,5.5058119386537845,4.037752733540353,-0.05865080486550805
779,ap,5.964013898907029,2.611883544432883,-0.021644824110598336
780,ap,5.495642238770322,6.642113523433996,-0.02799279959732477
781,ap,6.884671039209156,3.3531941812060544,-0.012885431949788773
782,ap,6.623508602410121,4.41601703608839,-0.02610017746470722
783,ap,6.464829122449838,4.713652767788021,-0.03412535005219092
784,ap,6.3061477610924,4.627884692656379,-0.010183883104767508
785,ap,7.5986672754261715,3.9444510338809833,-0.028354348742421157
786,ap,6.858107871717193,4.791564064344442,-0.07329833309673157
787,ap,6.818986706913363,4.6879086679983475,-0.03620538512081985
788,ap,6.365789888690776,5.892314127824209,-0.05850617932037553
789,ap,6.593163375412952,5.539897087559968,-0.1310291225725638
790,ap,6.332749297348873,3.714259228020649,-0.009953837721434999
791,ap,6.06967115348424,3.832027153212689,-0.07282563972592765
792,ap,5.772522841053659,3.8055972337084567,-0.02893786877021886
793,ap,6.133629679698341,6.544263307714729,-0.1410171514332274
794,ap,6.787814174143038,4.2338247523096415,-0.06497584288964106
795,ap,7.817273872228032,5.071474122358529,-0.1434919584714712
796,ap,6.011544677329297,3.350158672893522,-0.013888591715619696
797,ap,7.698717507973724,6.25675067441197,-0.11592766289892587
798,ap,6.117570829831829,4.579960097516488,-0.01724957556445583
799,ap,6.6351831127104575,3.6675789468197513,-0.03134835549321957
800,ap,7.69402696671386,6.363078391408813,-0.07170676369099158
801,ap,7.779659969096161,3.9024013607343235,-0.04824338211817583
802,ap,7.361085765348159,6.16084516788083,-0.03479620630685804
803,ap,4.8219996854271745,2.0103650855061668,-0.02302607758348826
804,ap,6.7346796786803225,3.7519061027168554,-0.02413417568896806
805,ap,6.469773807546078,4.407242850051233,-0.044487724401899006
806,ap,5.640732992005483,3.69125765560417,-0.03530359137984677
807,ap,6.125730075600182,5.540909305301572,-0.03230054000691538
808,ap,6.012872813656168,3.8839260226094177,-0.0072990710281739596
809,ap,7.58936534401563,5.7538341794501235,-0.10529170524714344
810,ap,4.970721873592865,5.42463530297973,-0.019729394876104603
811,ap,6.915611525196889,4.610695591694588,-0.05952983336621807
812,ap,7.861602897843215,4.160985231430184,-0.04249325854170308
813,ap,6.34863950811621,6.31032597131937,-0.010760633734178042
814,ap,7.062923898856127,6.861206812750948,-0.11739216684758881
815,ap,6.34310605101713,5.456924703995325,-0.014216196025808373
816,ap,7.07168782822362,3.947758193613378,-0.041643927443931236
817,ap,7.129793606307511,3.936901852076302,-0.012158396409960928
818,ap,7.200792423074214,4.165810612067513,-0.08343902025838681
819,ap,5.253852285256949,4.436645718165072,-0.11204730914996008
820,ap,6.846720855270873,5.4616986461096495,-0.0685749490497091
821,ap,6.783807047045248,3.1388058876460727,-0.017566589937114824
822,ap,7.5971102181944055,3.6831705704396747,-0.03447966398051832
823,ap,5.341980382478772,3.4168348124601415,-0.035403179566180755
824,ap,5.529616231443251,3.10782211396823,-0.02502756168555021
825,ap,5.508062302804358,2.5430126940720124,-0.012128159277223317
826,ap,7.152221532070509,5.576300804956189,-0.10213609396184871
827,ap,6.027108349205747,3.9107060859156926,-0.03361551114384424
828,ap,6.111686479384546,3.9955596757058993,-0.022241167229316728
829,ap,7.302994522700622,3.339843987026969,-0.026548314915000162
830,ap,6.868352871595335,3.9295176198013224,-0.027427317897978785
831,ap,5.974483167149427,4.927588089960803,-0.023642133975571182
832,ap,5.237944892474458,3.2234221397394682,-0.023392546144412052
833,ap,7.06030883665789,4.225262391858952,-0.03596119214467239
834,ap,5.887110222843764,4.935663475656093,-0.06630459121672573
835,ap,6.03324464265059,3.2180722306839287,-0.02171306429311265
836,ap,6.190011149227537,5.2268835713874955,-0.07968254035674528
837,ap,7.240012713370769,4.972639401062983,-0.02959539004727061
838,ap,7.096683500994259,4.168765923217859,-0.03955517331597416
839,ap,6.096149569932411,4.178683353495968,-0.08488731149550033
840,ap,7.149074391618409,7.284845245186828,-0.05212289573197412
841,ap,7.9394636677930945,3.823238987462852,-0.021222397564562914
842,ap,6.924967813283948,5.135886465971721,-0.027473728172105024
843,ap,7.150988124234708,8.52046949190158,-0.0394675753936041
844,ap,5.4340919052042045,5.635549269762675,-0.014806198130172596
845,ap,5.79873346837081,4.15070876089636,-0.03419966963032133
846,ap,7.877154266529799,4.309416730405797,-0.07879710804849084
847,ap,5.039805089958072,3.590131676782338,-0.02355245248110345
848,ap,5.998296131950241,4.041377133686127,-0.033699404936905895
849,ap,6.562422953523708,3.9284910628227863,-0.022712358598400723
850,ap,5.9238642669574375,5.659879725317019,-0.06576479320296523
701,wikipedia,6.621859522063241,4.604646494853798,-0.014336250452466793
702,wikipedia,7.208848274272334,5.84352777595282,-0.060869740444629075
703,wikipedia,6.163524437059209,5.359876141328664,-0.022354486966838692
704,wikipedia,5.614629880862115,5.302665406755709,-0.026072841807886823
705,wikipedia,6.500591322874357,6.163518824480304,-0.02168506021517979
706,wikipedia,7.425708064710602,6.26523741805426,-0.024892688202232005
707,wikipedia,7.627882111409716,8.433236159223325,-0.06598516074996119
708,wikipedia,6.817796136978432,5.306461883389096,-0.016612888098228702
709,wikipedia,6.875472107594018,7.975116704940755,-0.030090470785044492
710,wikipedia,7.923822414954509,10.019497441597485,-0.04554941997218105
711,wikipedia,6.394564113495058,4.768964227257376,-0.02892183485848094
712,wikipedia,7.707629927207995,6.771219743898252,-0.06828629188245681
713,wikipedia,6.414354312008168,7.037440912348555,-0.021624462296280445
714,wikipedia,6.573395917167745,6.976037887151248,-0.05567845668355793
715,wikipedia,8.433782916689303,8.07609152889386,-0.028711817706818278
716,wikipedia,8.043512498797252,5.902937480544837,-0.06355738738215999
717,wikipedia,6.499635922483483,7.696951379423647,-0.05615220834217901
718,wikipedia,7.239900785797878,5.615695334153963,-0.07602500838506202
719,wikipedia,6.783081764465962,5.727838206348378,-0.017535362601635573
720,wikipedia,6.4211615100134845,6.454111820065146,-0.05022890297007887
721,wikipedia,6.900683254901172,4.86586548878279,-0.027832053166393842
722,wikipedia,6.396418410125365,6.261995431986037,-0.04750330296335404
723,wikipedia,5.971363592531372,6.671841344722161,-0.07238550256739755
724,wikipedia,7.34448171608886,7.067520915646801,-0.036868097861365676
725,wikipedia,7.235216893848664,6.570450269815177,-0.03283972338365302
726,wikipedia,7.345815740743139,8.612572055347677,-0.06064707400569827
727,wikipedia,5.89075379094036,6.038908863032699,-0.0495989461268769
728,wikipedia,7.233450572755197,7.17501652860513,-0.030188368133080054
729,wikipedia,7.58858526086171,6.143325884796303,-0.018102679307070914
730,wikipedia,8.008223292344084,9.395517675439626,-0.09587497593328492
731,wikipedia,8.391302071708298,5.853157082109307,-0.02397449725666542
732,wikipedia,8.31020614685358,5.295270432902332,-0.0186208034004671
733,wikipedia,6.542493664226038,9.670231417882146,-0.08705173771492743
734,wikipedia,6.830331561398552,5.828706840335888,-0.04985071764854207
735,wikipedia,7.158708005525141,5.225938838987635,-0.02652911655333435
736,wikipedia,7.714595403057863,5.809128916499819,-0.027334036357370525
737,wikipedia,6.75766804982507,7.83399031770594,-0.0671347681196311
738,wikipedia,10.449019982454516,9.035661045220888,-0.18113017323539532
739,wikipedia,6.77328062789333,6.4289958058091825,-0.05970511635610601
740,wikipedia,6.3552169799262686,4.3880453522269125,-0.03375364363305404
741,wikipedia,7.334759162805182,7.076661476022655,-0.023469621335476802
742,wikipedia,7.318641702212569,7.659467227020888,-0.042780600304812164
743,wikipedia,6.187073297759242,6.4851127037969265,-0.025999863463828283
744,wikipedia,6.878621370364472,6.452026662735958,-0.056963019101136915
745,wikipedia,9.139693749054405,8.756237485626354,-0.06993168461325092
746,wikipedia,6.8626780297804295,6.338841164445087,-0.039647255108196874
747,wikipedia,5.899080262962048,5.087490226752285,-0.013843109208219375
748,wikipedia,7.648408155990471,7.813562650495017,-0.02860099735280231
749,wikipedia,6.602182679802827,7.657569731343467,-0.017159445863790417
750,wikipedia,6.751357157325246,4.25982732745493,-0.01256533016577816
751,wikipedia,6.979892653714598,8.188124594551816,-0.03834806980159752
752,wikipedia,7.164147459196895,6.885929609897085,-0.037176131325332165
753,wikipedia,6.923761490913789,7.3231247487391045,-0.022408829150654484
754,wikipedia,6.840360768998556,6.556946326345992,-0.03619063714106144
755,wikipedia,6.627262219327379,6.603590188467891,-0.04240747074718181
756,wikipedia,7.587204278456061,7.481997939288067,-0.01795331443160956
757,wikipedia,7.669175662385609,7.149691816826428,-0.027578068493345438
758,wikipedia,7.950814896405979,11.121129263815948,-0.03470799019409988
759,wikipedia,6.640358800184414,7.043254035452897,-0.07520828578804081
760,wikipedia,7.5039010688209835,6.246142946565323,-0.023432880284496267
761,wikipedia,7.669889373026815,5.552369766089734,-0.04414158766435136
762,wikipedia,5.996506847455909,3.306082011058141,-0.004151013757163154
763,wikipedia,7.349637077322563,5.280768392084903,-0.03131837391334179
764,wikipedia,6.238108146223929,5.363800165644788,-0.017289414720424737
765,wikipedia,9.648570615777754,8.222503427824247,-0.06683155567928997
766,wikipedia,7.578647000031548,7.034088164103876,-0.030030030528490338
767,wikipedia,7.444082800656739,7.117226969073019,-0.0727911663346222
768,wikipedia,5.839122680004707,5.0252777038769505,-0.015758135715360416
769,wikipedia,10.722561442605054,6.186867885640046,-0.06004422709318042
770,wikipedia,6.382290728952239,5.504287691844057,-0.02622644078698862
771,wikipedia,7.860044224724477,7.093376173077215,-0.0882634787266273
772,wikipedia,6.785606544489907,5.962110287380454,-0.03188650440236042
773,wikipedia,7.222465507805405,7.205665300519096,-0.05195217673844627
774,wikipedia,7.507129770939286,6.2023066193077545,-0.027413729196334405
775,wikipedia,8.066104793586728,5.608690750047782,-0.023389859598541556
776,wikipedia,5.96023180449791,5.8887395200458466,-0.046542231981769454
777,wikipedia,7.159139922144557,7.948647440699117,-0.02865420754358049
778,wikipedia,6.365567322170864,6.478491575262867,-0.07934867495487308
779,wikipedia,12.22719103866821,4.816246716517415,-0.02064768658385646
780,wikipedia,6.540132492389853,7.011324639711073,-0.04825678480427065
781,wikipedia,6.720084033019802,4.427224907273865,-0.014371852060112718
782,wikipedia,8.560051505536439,5.076547312396519,-0.016475605274165736
783,wikipedia,8.484378671801293,6.632341334717621,-0.023966850550789325
784,wikipedia,6.367247512549311,11.662590364541671,-0.06396351481582609
785,wikipedia,8.58366457399245,9.759221066152733,-0.09787184745025568
786,wikipedia,7.245221178397088,8.0433228497161,-0.047573673604320785
787,wikipedia,7.360490177462766,7.171829059248625,-0.045883844768262995
788,wikipedia,7.812175053959572,7.486461616505494,-0.09153983725729666
789,wikipedia,7.166878919782571,7.731687382409612,-0.0616368725266644
790,wikipedia,6.61649743095754,7.097091259531742,-0.029683164264127485
791,wikipedia,7.640906186586722,10.756689322920625,-0.07825809340492451
792,wikipedia,5.965172169750662,4.85262800295268,-0.03539674748806109
793,wikipedia,7.1144011415087665,7.6123743399746475,-0.03508860959554593
794,wikipedia,7.496005956821577,7.092258486029051,-0.06813363985483593
795,wikipedia,8.51551085122933,9.674542249635241,-0.049680716416995487
796,wikipedia,6.804364706703089,4.474155443147668,-0.026510948506778327
797,wikipedia,7.442072937162449,8.053793368232114,-0.060986920114615976
798,wikipedia,6.638973404463626,7.423629223086768,-0.013905669333608296
799,wikipedia,7.250310273805354,5.599928623635156,-0.026401641783966968
800,wikipedia,8.2184320730622,9.136021554750943,-0.053962877058556125
801,wikipedia,9.31439153977464,14.092390642106125,-0.06208818705272855
802,wikipedia,8.31315936650333,8.443321084429344,-0.034671503335741455
803,wikipedia,6.390915919523739,3.7537648953125213,-0.05002758449791597
804,wikipedia,7.832031989670119,6.891068666177039,-0.0557032279306613
805,wikipedia,7.24706785758698,8.160173002271106,-0.03541193218388655
806,wikipedia,7.5351279545328635,5.756569712947167,-0.02402837801790689
807,wikipedia,7.727032805559622,8.285665133351804,-0.05238299960485175
808,wikipedia,6.018271308604307,7.090667989619004,-0.061291857898072254
809,wikipedia,7.956759493774751,9.479267293774509,-0.05892657474609928
810,wikipedia,7.60625478303815,8.534497419140184,-0.28710054699059195
811,wikipedia,7.740638933905995,8.106413042981245,-0.06498614173266487
812,wikipedia,7.63733260166218,7.6847617401942045,-0.05634443512259136
813,wikipedia,7.185626552506793,9.652101158642264,-0.05939300809057882
814,wikipedia,8.345431956050458,8.799154486615759,-0.06009812849900006
815,wikipedia,6.364073079062698,7.385792966530819,-0.038539695272305226
816,wikipedia,6.505732026692956,5.830914671145633,-0.03129194440599833
817,wikipedia,5.649265457636366,6.491328064333561,-0.027079747913656763
818,wikipedia,7.056724116272554,5.828469166451137,-0.044417153141272106
819,wikipedia,6.0427037005015425,4.96718121469833,-0.044624625477353526
820,wikipedia,7.472075752524863,7.5406122758268594,-0.056487600442464744
821,wikipedia,6.69409300690507,5.370904138358585,-0.054667596410008096
822,wikipedia,8.119360728413788,5.600613762507061,-0.03461119447080647
823,wikipedia,6.309059753120631,6.573465109584812,-0.04904496271144391
824,wikipedia,6.318325686392482,6.383411809667649,-0.04666770680830464
825,wikipedia,5.4579387647447355,4.944407984242249,-0.028779830368329883
826,wikipedia,7.383212871405255,9.028700366745813,-0.038238238158012694
827,wikipedia,7.32446848253766,10.894927171769002,-0.061140949693594286
828,wikipedia,8.841527870108198,5.989864399434955,-0.04625177947069576
829,wikipedia,5.647272748470101,4.894810363410059,-0.014969832156227618
830,wikipedia,6.83290405588144,5.7415687810847436,-0.028953759429138238
831,wikipedia,6.4096671982520945,7.340930406516897,-0.04952239883943932
832,wikipedia,6.653186756820094,5.742995310520873,-0.030508051898920037
833,wikipedia,7.365904615567622,5.768449488036051,-0.02001028287455874
834,wikipedia,7.4630027090032645,6.2403173834800905,-0.04320606247388012
835,wikipedia,6.959263828122039,5.415292191547544,-0.07931648339601746
836,wikipedia,6.4146406818464605,8.127755029893926,-0.06105761291141916
837,wikipedia,9.06142289747773,6.052335794214933,-0.02044709437987737
838,wikipedia,7.079830243451633,6.453369016161797,-0.0882617015274728
839,wikipedia,8.414086726593617,8.752490497725272,-0.03716646641802926
840,wikipedia,8.465072402827802,9.033255305782193,-0.08789772715325499
841,wikipedia,7.575192902723269,5.281657437733348,-0.0396219152485035
842,wikipedia,7.152840575004927,6.365900509436709,-0.05312089458439129
843,wikipedia,8.92182950175724,8.691322472876413,-0.048210990362927315
844,wikipedia,8.062392370095212,9.877200646164555,-0.05906086417171628
845,wikipedia,7.018191446274785,5.848633398264019,-0.04626200982940213
846,wikipedia,7.391438706270837,6.352246477210356,-0.044329452258170796
847,wikipedia,5.778217441167675,4.397005388198717,-0.01519989478185611
848,wikipedia,5.947034320677003,6.383695629253306,-0.026070155759138194
849,wikipedia,7.290133495432027,9.067537257398827,-0.06313732633281435
850,wikipedia,7.28299278428655,7.794288220376491,-0.025255356483427412
