301,ap,6.522469438156829,4.27342715380964,-0.014261469312212793
302,ap,7.350852524505511,6.043345166757469,-0.19516014648320212
303,ap,7.193660150234281,7.158611405054019,-0.031226196382339505
304,ap,7.174706906038889,6.720479107810351,-0.03925341151644105
305,ap,6.479677264824109,3.6809717118709626,-0.016075376402274216
306,ap,5.671869404930251,3.1275294004316017,-0.02321607543420935
307,ap,6.022710946545608,4.719621845641225,-0.035220851061878
308,ap,7.5800658675066614,5.5109362983312415,-0.16497158216839627
309,ap,6.528552029439991,4.732277510581555,-0.03923076624472835
310,ap,5.761017235887561,4.016183998681127,-0.021661532190895318
311,ap,5.737076584957163,4.141713071020034,-0.0334928719889964
312,ap,7.296947463161671,8.998090274933752,-0.002654213930091137
313,ap,6.998866234325181,8.084408957620683,-0.26599242902778386
314,ap,5.838652764742334,4.664352160757562,-0.04928194839552874
315,ap,6.235234079870465,4.031033712283763,-0.035306140682643636
316,ap,6.592217408925426,4.316223699804789,-0.13788547402314827
317,ap,6.966533400823537,5.265859005227192,-0.13616787816932732
318,ap,5.889261834742649,2.636782965137422,-0.01642707497626513
319,ap,5.804096214261324,3.0265783773271417,-0.03248831938756312
320,ap,6.719682880218749,8.433686393356068,-0.07680828000306546
321,ap,5.383925708076694,4.373667171918321,-0.04853298168287758
322,ap,5.7719468739824515,2.996642601709388,-0.03101647319491249
323,ap,6.891048602926962,5.379646542360616,-0.06933744449192207
324,ap,6.709056224314325,5.2398320257591156,-0.03320616796172648
325,ap,6.4808914439995124,3.8198998758980443,-0.029005820937008157
326,ap,6.189347017527164,5.586337867060591,-0.07606796729566435
327,ap,6.0814945794842625,4.95834876981485,-0.039871772623915426
328,ap,7.059794088728786,3.5270042569724867,-0.20400406396229348
329,ap,5.903190649791376,3.8081210356627198,-0.03363499724407017
330,ap,5.796095595650646,4.6663804617134135,-0.01236551710150408
331,ap,5.384968023098047,3.080298018396307,-0.027444721289336102
332,ap,6.741853327874545,5.131335983342948,-0.016201877430544652
333,ap,6.98320183353488,6.986943336768697,-0.0656682509115581
334,ap,5.3976065403345785,4.08911092867944,-0.04464513054127098
335,ap,6.475187117925568,7.331028211654454,-0.04893731958356138
336,ap,6.895170784222348,3.4056149543125684,-0.023087314830202592
337,ap,6.506816842997609,7.682261008841465,-0.05906646303230959
338,ap,7.032831681095519,6.374861708476095,-0.05155033189512755
339,ap,6.603203032623469,4.135091816411038,-0.05294397405897315
340,ap,5.548280212266704,3.006426266476603,-0.020779039603303996
341,ap,5.846538437566959,3.592364212847283,-0.023812850595878513
342,ap,6.121135489736178,5.3745943405393835,-0.04499883203737055
343,ap,5.802483820378656,3.1560948536003455,-0.019278734481354864
344,ap,5.45972648562555,3.0612021355051193,-0.011641288577143753
345,ap,5.586251882378737,4.331462927375219,-0.029176224826918656
346,ap,5.49672301620159,4.082182053111682,-0.01872979985053117
347,ap,7.400350654047261,6.221908557378024,-0.028640502203658474
348,ap,7.007088333214042,8.428169887721815,-0.046326551354241005
349,ap,6.811263011915344,6.946101105120404,-0.07129090658249712
350,ap,6.762852895626598,4.736630752768347,-0.03268797616123309
351,ap,5.416178500481646,4.301265976836914,-0.018900777557394523
352,ap,6.027567432274208,2.9895450789423306,-0.1307179884353872
353,ap,6.7404020600224195,6.069574405717858,-0.07669483098074685
354,ap,5.535380422445469,3.9517582747563815,-0.02335541839015644
355,ap,6.884241548309523,4.982128489717998,-0.02946653243844268
356,ap,7.598867390507978,4.643208902322072,-0.10132310145512577
357,ap,5.92675568306251,5.155052121865031,-0.035893436950648415
358,ap,6.321350989771642,5.096219253469785,-0.04766812186616141
359,ap,5.674765851381449,4.365175750052462,-0.03401575415333651
360,ap,5.797812601687799,4.129795531504463,-0.015238053039458526
361,ap,5.49049634900098,5.471790857081246,-0.07587010561885175
362,ap,6.040207434637033,3.6590655540390316,-0.030508299673233187
363,ap,5.741819386984501,4.076053000747889,-0.03706758495254165
364,ap,7.50828976515646,7.204225096726409,-0.04543563741021909
365,ap,7.091960427211629,6.543876453567212,-0.1306738837618653
366,ap,6.523610372488961,3.4224433262980987,-0.022705919603355315
367,ap,5.888622041130213,5.794772835752767,-0.04643850746382981
368,ap,7.84697776921902,9.002951709593159,-0.021991441404411657
369,ap,7.157415968166085,9.500983931858972,-0.1521198539932568
370,ap,5.320951197754338,2.9361640443208383,-0.02474873558995738
371,ap,6.906733957159679,4.592183892940515,-0.04182727620725483
372,ap,6.908774303345704,3.0580029434785336,-0.026202542602683503
373,ap,5.41279563336733,4.362457245019158,-0.0450059395048554
374,ap,6.918565168279123,6.611568299362419,-0.012591962641502816
375,ap,7.083045354840084,5.6243028277734535,-0.026776381875300313
376,ap,5.159053702383212,2.5403907932000527,-0.014167641374625704
377,ap,6.720247111542044,6.410781090010891,-0.0327278609823327
378,ap,6.657097041989895,5.0368485058238965,-0.030175490691167248
379,ap,6.250801480663641,8.084181681815133,-0.0561471689184354
380,ap,6.332054877358042,4.917737894358314,-0.029348840599361024
381,ap,6.216759749312993,4.042357266536784,-0.02866255642057624
382,ap,7.292121877593671,5.288713487289945,-0.08909547789201765
383,ap,6.6648734699032355,5.2377772562742315,-0.03230114392717049
384,ap,6.3529262649791995,6.169672119273966,-0.049149932279601245
385,ap,5.975552479806589,4.041446231510166,-0.031179264749000665
386,ap,6.498756551423985,4.1380570976622355,-0.0249899236018689
387,ap,6.45012568076249,6.289565336995831,-0.033269062853724204
388,ap,7.185914007097214,5.175557005718346,-0.0154487539975314
389,ap,5.6190613677468475,3.8999175637069756,-0.020659698033076778
390,ap,6.0716590936432375,5.296146312581825,-0.09486620195438292
391,ap,7.240426579950918,3.968320549167443,-0.020033597841484275
392,ap,8.331715062661605,6.703637039411406,-0.03826807937595951
393,ap,6.166271505352627,4.988378538269088,-0.011238838591718607
394,ap,5.161865613893873,4.718721072349156,-0.04352850383499687
395,ap,5.455621999705732,4.781304236495186,-0.020303258793974186
396,ap,5.6586283531459,4.14223237041182,-0.037656706027144375
397,ap,6.605201396769018,4.988497783809035,-0.04849920558046041
398,ap,5.3239690426267074,4.19041906250154,-0.04074970684969962
399,ap,6.697121141980508,6.279653460694801,-0.03683117911670928
400,ap,6.328578984115076,6.8257563237236045,-0.025421792659850853
401,ap,5.734087211370357,3.265770360166539,-0.01254060469146444
402,ap,7.544714278289568,6.502239802828496,-0.1305985145190427
403,ap,7.532956607113428,7.284550854828299,-0.06316104247156172
404,ap,6.328180599779815,3.5483142239796157,-0.013986276387874776
405,ap,6.693095889847601,4.721935040571257,-0.027206483562483876
406,ap,7.162742371381074,4.015485569171463,-0.03147583382225653
407,ap,7.19129826668144,6.315680205904011,-0.08418458615016262
408,ap,6.74865446651433,6.223439560251696,-0.02432404509424005
409,ap,6.079030472401987,4.856506104496491,-0.01388648846563754
410,ap,5.604923501674542,1.7283300831218757,-0.006660816797702588
411,ap,7.097039316773769,6.657598443234171,-0.10298017754188848
412,ap,5.846538437566959,3.592364212847283,-0.023812850595878513
413,ap,5.685380160887441,4.1485180053357436,-0.013453763967263428
414,ap,5.238047436622856,4.309184181103424,-0.04054521059306596
415,ap,6.21682025045289,5.154277128832627,-0.05037986848642698
416,ap,5.995072888570454,5.312970813177671,-0.10137076844506292
417,ap,5.726749680021223,5.375921903029201,-0.02679921582096609
418,ap,6.3619213690970575,4.637911039523264,-0.03300290466264804
419,ap,6.5744738335594555,5.183209567019285,-0.051012123499010076
420,ap,7.37537758577342,7.9844604008030515,-0.041582004282479317
421,ap,6.2722108877809575,5.576894120102992,-0.028355465857988864
422,ap,7.1884741087753605,4.552294741643479,-0.02294180798416882
423,ap,6.594910727751585,6.167619707440251,-0.04556635307221229
424,ap,6.429337584564133,6.462896057876643,-0.0334551309144617
425,ap,6.1137152843728275,5.19981838329243,-0.03477362326514755
426,ap,6.899545952369259,3.2121535398093464,-0.014139315611608796
427,ap,7.517967485204669,5.148319886616335,-0.08812106859211243
428,ap,4.813584690173731,3.554468423371721,-0.036059576307968924
429,ap,6.875932387045082,7.418701279886416,-0.03856803166700547
430,ap,8.205401020786333,5.046100852683216,-0.03485696145073817
431,ap,6.825277850132067,6.017750089150005,-0.04503155001461946
432,ap,6.035387106780161,3.988977358146736,-0.05253222590816425
433,ap,6.382949737239031,4.2620929938475545,-0.010197040254813446
434,ap,6.284961525495646,4.321663855407746,-0.021790845382978933
435,ap,5.021226367752903,4.278538708658805,-0.04627625483238362
436,ap,5.697682512963384,5.351835818924432,-0.01458040771662526
437,ap,5.952647149993685,3.943055652438577,-0.030649837449192287
438,ap,5.122080707842769,3.8124882637957143,-0.03073059151844215
439,ap,6.8948666374838545,5.960931157552906,-0.10958034896247035
440,ap,5.241144302447052,3.598889965041189,-0.028280689134822932
441,ap,6.877689086231547,7.59145005112605,-0.0398599493480263
442,ap,6.029227541686453,4.779864869472798,-0.023929085780585398
443,ap,5.4959660958087975,8.581848687834176,-0.008671395003272502
444,ap,6.928250966521071,4.701909358031389,-0.19479405156297538
445,ap,6.711494423186337,5.397704225949764,-0.05692572057926834
446,ap,5.651245593962087,3.669015889184265,-0.02589583309788192
447,ap,6.363845961732884,5.257299584570931,-0.04448045957182418
448,ap,5.41473975001625,3.215422291417583,-0.03021536324297374
449,ap,6.484129608583318,5.105811656923503,-0.12073376342643471
450,ap,5.579749674281801,5.216016413574854,-0.015463250859375513
601,ap,6.598630890524313,4.42575258163308,-0.014198029691363448
602,ap,5.716230111574928,6.201157024119237,-0.01680326697153306
603,ap,6.881535853976338,5.441644425980935,-0.011760175823725178
604,ap,7.147196910772143,8.723282472139916,-0.03367028008152123
605,ap,5.994177804288066,3.3353850780663854,-0.03615658562082254
606,ap,6.8410723308711425,5.286423861553504,-0.0921363166247922
607,ap,7.1368087587240145,5.4533316542179815,-0.058335622444155286
608,ap,5.658341502778732,5.191758579687028,-0.07364364344727975
609,ap,6.790997081442986,5.9801005106815905,-0.05300135414275879
610,ap,6.011177083018571,5.5761715078884695,-0.06534834506745607
611,ap,6.380123640195454,3.644966518773407,-0.016923398316044776
612,ap,6.5457019122725875,5.087830338983922,-0.029424190617074967
613,ap,5.896481219704137,4.0470088802545465,-0.010194441330915814
614,ap,6.951497594739058,3.3835231236627927,-0.01156402783155762
615,ap,6.663671062511039,4.573688193975462,-0.05099008620359439
616,ap,6.26614634215191,4.593589252128099,-0.025365136261431855
617,ap,5.379647157767842,3.6850358670578,-0.030309939626374075
618,ap,6.561978422472036,5.724719992437221,-0.019159279406895696
619,ap,6.668543271191136,6.539144767144481,-0.037741610198815195
620,ap,6.242708412090328,4.364671527301866,-0.032577098315777445
621,ap,7.060841090495093,6.34237088567424,-0.010335746310806982
622,ap,6.959707758113044,5.586890519477142,-0.036679762469680355
623,ap,6.330445785815543,4.97866326500491,-0.03379073056712584
624,ap,5.852838765269056,7.394394350726502,-0.022542782998279144
625,ap,4.886213673601006,3.525432448172803,-0.06495954999334905
626,ap,6.53528081760133,4.435358221788344,-0.03311231067418434
627,ap,5.461665237534266,2.9963878555879404,-0.00857717819011105
628,ap,5.520199391143094,9.679536682367159,-0.030563293523995637
629,ap,6.113244996636869,4.548950989419572,-0.01694804111773033
630,ap,6.04189330418942,2.804293388032389,-0.00636544295920979
631,ap,5.848367943743897,4.758497498008358,-0.022527635412078494
632,ap,5.401444795238912,3.845151618193684,-0.02044481777475945
633,ap,6.090984719793835,5.218707244588266,-0.05130907683881338
634,ap,7.010944456224071,6.5138329050159784,-0.05174805860786743
635,ap,6.030844130853528,4.067568536800917,-0.03978133123001054
636,ap,5.204658379781795,3.7177023186963742,-0.033703238952575335
637,ap,6.865195042374409,4.105149492831824,-0.018393333736436517
638,ap,5.649321600806964,5.030796038717901,-0.06328584778719949
639,ap,5.910673561000558,3.943805738174684,-0.07537712798137901
640,ap,6.22525399907372,4.653235270354809,-0.03738276680890998
641,ap,5.916243740998005,4.660045039803165,-0.014410910517132862
642,ap,5.713659462468122,6.0972548761540795,-0.019645976274456564
643,ap,6.468541355261271,5.536699669396871,-0.032991211608887176
644,ap,6.514206402939538,5.711726723338616,-0.04282892916228939
645,ap,6.679193210751519,6.677139178412186,-0.036569526903894624
646,ap,6.184412144585461,4.499544147032272,-0.04136156916664264
647,ap,7.327359019320258,5.307719057329886,-0.09332770881475888
648,ap,5.479218077409057,2.726461299628225,-0.02236963491157281
649,ap,6.594915112367041,6.534927230421252,-0.022625078527112295
650,ap,5.406359254688521,5.238111995105806,-0.01938233117206027
651,ap,5.563531135004097,8.506556926679913,-0.012452118363767126
652,ap,6.442405124107112,3.8772472963222726,-0.06028132206602871
653,ap,6.7867419105373585,7.916177352947308,-0.03234948813098236
654,ap,5.668939971800075,3.8517720857464126,-0.015384360584998868
655,ap,7.298158820858137,5.907417778939729,-0.0752853613879015
656,ap,6.441056399848997,4.851790077818467,-0.04974509794594955
657,ap,5.946137651385429,3.568636744139608,-0.037662090461956836
658,ap,5.748857618229981,4.905516418724856,-0.09405370751553936
659,ap,6.174861206261273,3.778273840879456,-0.0201028365102163
660,ap,7.01212899143021,4.84433403682469,-0.027438585922903214
661,ap,7.423391788335946,5.129242286887758,-0.05449541983370192
662,ap,5.7587362982193735,2.2372289532796468,-0.014750245425607442
663,ap,6.647801109855143,7.266930043411695,-0.025762946565387225
664,ap,6.2866403345664725,4.77228139562847,-0.014396436372199771
665,ap,5.38839970300834,5.362832758087433,-0.0424079590478626
666,ap,6.23532694685391,4.114987603261907,-0.036802193443688486
667,ap,5.903719713612408,4.82267531751903,-0.04663550633680611
668,ap,5.485168567453403,3.915559801606526,-0.027745608246993993
669,ap,6.005545816203757,4.9135515310541,-0.023201783261487332
670,ap,5.700828307253698,8.539168114965511,-0.009215538780567386
671,ap,7.341591302993059,4.332955030180409,-0.022903670479965513
673,ap,5.398244649672236,5.149637663270658,-0.012537481271122074
674,ap,7.514784232369122,4.136129169823989,-0.010319804665061896
675,ap,6.318520966481887,4.372839158464057,-0.03743138831534852
676,ap,6.9324439956363175,7.810563534226953,-0.16403436058830845
677,ap,7.234792902305303,8.663140433554148,-0.03388189148427561
678,ap,6.581540814754533,3.1733277101358084,-0.03845372891401073
679,ap,6.035870887997573,4.070238265453502,-0.04879296470877767
680,ap,5.859112136317746,3.945879712380701,-0.03280529196976034
681,ap,5.28904851377164,3.289845272565116,-0.013560439620363789
682,ap,5.700771694643032,4.09015064408305,-0.031078575067953813
683,ap,5.572765668527949,4.063443393207276,-0.04296608588064468
684,ap,5.185021482966895,2.616841694584663,-0.00956713642969791
685,ap,6.003231640028538,4.207008862980375,-0.012827243261198686
686,ap,5.206485558619639,4.408142216698454,-0.05195420139578119
687,ap,6.519392264139346,3.9948886160492356,-0.008230326801972904
688,ap,5.411286855306401,8.010040334712567,-0.013856395102084789
689,ap,5.262706918094893,3.7969051222854113,-0.047507949276858766
690,ap,5.601630998232213,3.8038040979881758,-0.017314106816044828
691,ap,6.726873362202251,5.372106252128022,-0.0827787672850546
692,ap,6.8806203737935565,6.06380393502358,-0.07471090105615606
693,ap,6.0220939119024415,4.136607708176009,-0.052849263295513656
694,ap,8.930225268235626,5.839351398279695,-0.18269054901950194
695,ap,5.9055015729234315,4.340010396832967,-0.03629258224297084
696,ap,7.474074882370661,3.9425696680167426,-0.030336108703045525
697,ap,6.226133489192727,5.980723109009807,-0.02603482581017434
698,ap,5.961692581138332,3.689720911052023,-0.019111832651469946
699,ap,4.9734150118159475,3.3377283671119278,-0.021099235220122792
700,ap,5.272559622296908,8.7124009355099,-0.01750096839963951
301,wikipedia,6.7131028908305055,5.661807657783745,-0.04192587714745144
302,wikipedia,8.591967217581512,10.102437272945455,-0.05434582509493883
303,wikipedia,7.677144297212129,7.72781542120847,-0.043927358680806036
304,wikipedia,6.575524063304203,7.595661582337014,-0.014735855257191488
305,wikipedia,7.172953435742436,5.604695766439356,-0.019912130891353994
306,wikipedia,5.7610752083496255,5.4978215536466735,-0.03472185650229676
307,wikipedia,6.37553473006874,5.518891672907341,-0.013652399367741137
308,wikipedia,8.623485593405992,9.658956703515603,-0.038329439731501186
309,wikipedia,7.105013018041941,6.027085615540047,-0.02703673956619064
310,wikipedia,7.345666117479382,5.339433887922748,-0.0418931456462995
311,wikipedia,6.629927045452339,6.616880770338312,-0.07715895206963397
312,wikipedia,8.287667300097997,9.512813788404173,-0.07811539929957848
313,wikipedia,7.5939289820671725,12.383625997807052,-0.0599812288089764
314,wikipedia,6.328436475542942,5.715443215353701,-0.029807326643790776
315,wikipedia,6.728004998730201,5.316789560779069,-0.022334348615516933
316,wikipedia,7.7937210823434295,13.378825541804138,-0.08211201159189793
317,wikipedia,8.3764247461717,10.644003837824314,-0.07258500813449391
318,wikipedia,5.590827892938233,3.5971834419188533,-0.014445415488419046
319,wikipedia,6.614377749500699,4.31382845292813,-0.02421913870313594
320,wikipedia,7.271878152755025,10.451331290571858,-0.056155485107911664
321,wikipedia,6.254188668179523,5.917529686254287,-0.03292463894271001
322,wikipedia,6.425872570047953,4.0091486109804215,-0.04404948046243277
323,wikipedia,7.547661852396471,7.133382799028728,-0.08147187100540738
324,wikipedia,6.367857809185069,5.648111909661524,-0.03873637586495863
325,wikipedia,7.113448071916443,6.551153199405185,-0.05736732436516331
326,wikipedia,6.399583207731092,7.281339115443837,-0.02259349704854633
327,wikipedia,6.918427294247282,5.588279793198548,-0.029095524798909967
328,wikipedia,7.972268051556549,9.79874824585828,-0.018399958004148405
329,wikipedia,6.4979265909650845,5.401130854960145,-0.017701090532940736
330,wikipedia,6.587782668610158,7.381851027095104,-0.027857693214842064
331,wikipedia,6.032506036516769,4.491192279225826,-0.05394284022474276
332,wikipedia,7.405017405984391,8.99066537177354,-0.03199120831774482
333,wikipedia,7.981859936900726,9.339663152788056,-0.01970561934410703
334,wikipedia,7.34388451606883,8.46104176348152,-0.06569106980494363
335,wikipedia,7.206016424795912,8.56436511476321,-0.035441153517106146
336,wikipedia,6.842191684194833,6.412632404594102,-0.07409364134491397
337,wikipedia,7.578459254410279,9.567834549674863,-0.03725056406679241
338,wikipedia,8.34185225110041,8.45450186831126,-0.05349938015563992
339,wikipedia,7.834568842334354,7.322265368824995,-0.01875984068164816
340,wikipedia,7.339860047326873,5.660542193333348,-0.03128380252269526
341,wikipedia,6.513664333836623,5.538655211459441,-0.04238605361024719
342,wikipedia,6.533643980139614,6.393629687727744,-0.03537149791951872
343,wikipedia,6.057939152167695,5.556531911876666,-0.042676090105222254
344,wikipedia,8.206123193557096,6.422294146037157,-0.055014234975669894
345,wikipedia,7.250957206885627,5.667266321918453,-0.033074748025727414
346,wikipedia,6.904634211466274,5.764167270720494,-0.030230088325418993
347,wikipedia,6.628822366326099,7.024519550580896,-0.02613899387047441
348,wikipedia,9.081254819374395,9.104176673489834,-0.11947865493186796
349,wikipedia,8.399199364717054,6.747211810082251,-0.03486410078171069
350,wikipedia,6.34428450754486,5.440033298184731,-0.025285205628594758
351,wikipedia,7.321045552014456,7.938994631351325,-0.10018784051005733
352,wikipedia,13.579621535915567,6.246051786608041,-0.026306524065028012
353,wikipedia,6.818448074532475,6.829497237515381,-0.035767361570661585
354,wikipedia,6.422573887434421,4.841345153262717,-0.019575754924190773
355,wikipedia,6.928684393646853,7.921755186958312,-0.019364331009490643
356,wikipedia,8.828885212261072,9.368518784643403,-0.03233374305909517
357,wikipedia,6.709971220806609,7.366594652020181,-0.03334778913545738
358,wikipedia,7.258992760512023,6.489412957781184,-0.03214074915292833
359,wikipedia,7.473319055837603,5.829050410525241,-0.015714159732411328
360,wikipedia,6.913385516505506,7.643555709132156,-0.03389220062868367
361,wikipedia,7.5500356538849545,8.795033017671544,-0.0620448547416842
362,wikipedia,7.140476056005813,6.234462619014917,-0.06875625834014328
363,wikipedia,5.344618625140558,5.395421164358156,-0.04593063995680477
364,wikipedia,8.61218910114962,9.170416281456053,-0.05213306524217304
365,wikipedia,6.114870347229714,6.702763280151491,-0.03858916089000592
366,wikipedia,8.609040667424505,5.766615253228444,-0.01949099604167008
367,wikipedia,7.464423180474722,7.45373593982261,-0.02918291695757042
368,wikipedia,8.973896423520952,9.343695320205523,-0.039887400728838694
369,wikipedia,9.244778977262067,14.478970122409828,-0.054786715370776395
370,wikipedia,6.400513048784645,6.250314863648084,-0.035790322082231665
371,wikipedia,6.5534738308802165,6.4071348380429045,-0.039062660430810935
372,wikipedia,6.398075446711778,5.007802621184257,-0.035086234312894315
373,wikipedia,7.879437875382241,7.191367230441115,-0.07683063652136708
374,wikipedia,7.298049535035226,7.381860813729399,-0.02345488849839888
375,wikipedia,6.923685799197943,7.484666094922832,-0.03828039671838693
376,wikipedia,6.220812501395518,3.0327211696937546,-0.016659468148185166
377,wikipedia,8.574464140775362,8.956167962049266,-0.039670478687424564
378,wikipedia,6.9314381259329885,5.445699681363912,-0.05279015406604787
379,wikipedia,8.1295671127253,9.063392580112978,-0.11800478838968673
380,wikipedia,7.601016994288316,7.166999568116191,-0.030761093549651827
381,wikipedia,7.649102379313393,6.413407421255982,-0.06056736391789619
382,wikipedia,7.0003221379499045,8.782299436368927,-0.05577225114940666
383,wikipedia,7.372542323397956,7.7658623881715965,-0.020823006547935348
384,wikipedia,6.7475295767355,5.539405616955128,-0.014585394698622939
385,wikipedia,7.143636580944316,7.892280260031569,-0.022592520149179472
386,wikipedia,6.190693170763375,5.2708606702459235,-0.022271088050542575
387,wikipedia,7.233719432806993,8.685798643247685,-0.04834572738227627
388,wikipedia,7.19159930467678,7.013612108818769,-0.04815563139640844
389,wikipedia,6.570631935893284,4.438477166884943,-0.014340018429198388
390,wikipedia,7.478599104096692,7.276441242981079,-0.11437598462543871
391,wikipedia,7.865551442811107,4.90896918806987,-0.027426751751166115
392,wikipedia,7.868118254172848,7.462781907351532,-0.02778312271134868
393,wikipedia,7.0010653203856155,6.021802891130486,-0.032323758782445186
394,wikipedia,6.154256980205261,5.36381654442654,-0.055354793907897354
395,wikipedia,7.128045004683811,6.009347644443826,-0.031793319455816184
396,wikipedia,7.233736319582443,5.785736420129493,-0.07058766554599799
397,wikipedia,7.479542775466704,5.998053125499275,-0.041256887223736924
398,wikipedia,6.98232836278124,4.651380000316985,-0.02347254228947364
399,wikipedia,6.940955380099714,7.838291683742433,-0.05208340026147868
400,wikipedia,6.732412058509222,6.901388491005986,-0.02592075275829071
401,wikipedia,5.914846321160751,5.812078941637641,-0.0281857832117431
402,wikipedia,7.778075007523157,7.936296853942764,-0.029616878087147625
403,wikipedia,8.412822414925742,8.674779665653602,-0.055185566019681026
404,wikipedia,6.738691225599538,5.51935679956189,-0.015989684356638556
405,wikipedia,7.556436863997766,5.806436775691548,-0.026941764650542398
406,wikipedia,7.798614506105223,7.143041207184528,-0.029378614343137814
407,wikipedia,6.885382983728651,7.625138815909939,-0.0300558912016322
408,wikipedia,6.597545757319072,7.941682086246219,-0.0074611801543949495
409,wikipedia,7.391342654568892,5.911601333296915,-0.03689411718375579
410,wikipedia,6.985924113028379,8.388112887747258,-0.0671084845334779
411,wikipedia,7.553687029766013,8.278468751992557,-0.07628091211138428
412,wikipedia,6.513664333836623,5.538655211459441,-0.04238605361024719
413,wikipedia,6.7683430087912875,5.553543154607132,-0.02826817145833036
414,wikipedia,6.464637932413901,7.753838824416272,-0.028637557015768488
415,wikipedia,7.208188352876876,6.13591143137771,-0.06352836295042408
416,wikipedia,6.675896110562665,6.008362941503323,-0.05221502911878857
417,wikipedia,7.24527716223802,6.957830209547244,-0.0636453208843671
418,wikipedia,8.2173821085488,6.61088335334995,-0.05019802055959297
419,wikipedia,8.063427167003635,7.502542542759325,-0.08464511245383115
420,wikipedia,8.22638824076214,10.633764197757035,-0.08718960129687517
421,wikipedia,7.839465807844633,8.13186034355618,-0.03228155818350886
422,wikipedia,7.758704864897309,5.90564829719763,-0.045568905570761174
423,wikipedia,11.632949397317095,8.882386078646913,-0.07758416405164013
424,wikipedia,6.962779723282733,8.06886012136637,-0.051692405847118816
425,wikipedia,6.861538304319276,7.850806031255225,-0.04145090295941079
426,wikipedia,6.238362153264811,6.333977664331385,-0.024606428376491653
427,wikipedia,8.00499103223994,7.09326449326951,-0.03614789566316981
428,wikipedia,6.025369186502209,6.938466396045524,-0.021843252770959793
429,wikipedia,7.105930713760193,7.819666217735792,-0.08173870335380137
430,wikipedia,7.377277293238394,5.495301424081377,-0.0321963374332132
431,wikipedia,7.561222191564349,6.550319748620879,-0.019926429337534857
432,wikipedia,5.587623360129334,7.554785746840311,-0.04342694882235393
433,wikipedia,7.288527408215869,8.322606975651047,-0.017368567587826386
434,wikipedia,6.851507493332082,6.0810212924252935,-0.0635855012568633
435,wikipedia,6.604726599431904,5.891089230930702,-0.050444350032475216
436,wikipedia,6.515426567511543,5.806791334469011,-0.052603115686903575
437,wikipedia,6.5422654187661475,7.706771517052178,-0.024390414548819114
438,wikipedia,6.416347270083849,5.682763610649654,-0.027120728824256184
439,wikipedia,6.689384834635179,7.7137669868352345,-0.02056195237860568
440,wikipedia,6.358679509192277,6.330257424287945,-0.03608960693913568
441,wikipedia,8.731804890459765,8.632386731477679,-0.07857348362571585
442,wikipedia,6.822250862015549,5.414691572673407,-0.015240229524865548
443,wikipedia,5.799443640412169,10.547447665885496,-0.022824280301685245
444,wikipedia,7.984932886362778,9.836777151873486,-0.0860855166458203
445,wikipedia,6.715785792842888,5.64963724313386,-0.02835664058377471
446,wikipedia,6.622414719622049,5.323101325602247,-0.03193707193497644
447,wikipedia,7.128029589606804,7.250018163273391,-0.07796292215631985
448,wikipedia,5.956297582390995,4.578389468298109,-0.009152633719053054
449,wikipedia,9.049379828419985,7.447248121754977,-0.10491240755187535
450,wikipedia,6.780392144774184,6.488878781773866,-0.03943398028390396
601,wikipedia,7.042553936459531,6.572691393394242,-0.064619038981153
602,wikipedia,6.999014289397213,7.6053480485461735,-0.059713083977537044
603,wikipedia,7.025464543655104,9.117090043961328,-0.019668916847045723
604,wikipedia,9.07075534533488,9.656900002578334,-0.09611875352797895
605,wikipedia,6.253865342584978,4.8001944259290354,-0.01766280119910333
606,wikipedia,7.946451165457548,5.501156786106835,-0.06408537412533881
607,wikipedia,7.8286524391405,5.5995480917700045,-0.03220357360369841
608,wikipedia,6.6186496268455235,7.046200559757525,-0.05824679541444647
609,wikipedia,7.206087088330531,7.467045314206807,-0.038688479840511464
610,wikipedia,7.263944130061897,6.810659101714576,-0.08046850014240353
611,wikipedia,7.51389617723632,5.95013002442973,-0.04039192824640551
612,wikipedia,7.013284972677872,7.179153791581908,-0.07309741277775615
613,wikipedia,6.168968517805853,5.783408930125424,-0.05355792092988849
614,wikipedia,11.795236747611552,14.897051819151816,-0.12663441804127956
615,wikipedia,5.796599867852954,6.217270152282265,-0.025904702616591883
616,wikipedia,6.795868778224997,7.071206249506528,-0.052184640048798664
617,wikipedia,6.689118666628375,5.35507800256841,-0.033204318791266715
618,wikipedia,8.332624575453044,9.396763503236915,-0.028177996182196012
619,wikipedia,7.8804333201067935,7.626577502284441,-0.038486340226494796
620,wikipedia,6.360613615671684,6.376049666928138,-0.04898544044587883
621,wikipedia,6.7024835651231225,6.254589908136357,-0.042361843523123215
622,wikipedia,7.548886637718251,7.556826963684029,-0.07336808310752257
623,wikipedia,7.75712405178631,7.55388722112657,-0.03375204313152834
624,wikipedia,6.885795115957038,6.266774889050954,-0.048117455923500585
625,wikipedia,10.283059485014348,6.733528449798392,-0.04379028539647306
626,wikipedia,8.290531964463753,5.780823724412254,-0.03580364486515448
627,wikipedia,6.398996987124965,5.221160839585919,-0.023540865013114493
628,wikipedia,6.117854692924944,11.015376851496132,-0.018491036553998575
629,wikipedia,7.683974587595303,6.783473349199556,-0.03270316474976458
630,wikipedia,6.801290401427795,5.753995312426023,-0.07852891713637852
631,wikipedia,6.344130308915868,7.178586249221271,-0.02472107521671823
632,wikipedia,6.8077254727468794,6.013636073604403,-0.057856740631535196
633,wikipedia,6.80100639055113,8.659583622853333,-0.03570621110880252
634,wikipedia,8.694945141649095,6.869148938184233,-0.06372945130775351
635,wikipedia,7.086732392533452,7.092071851547843,-0.03646256518282863
636,wikipedia,7.1661464210956884,6.133981277199057,-0.056952999653887025
637,wikipedia,8.612072135220961,10.867988719561735,-0.0757584544394002
638,wikipedia,7.49508207487627,8.905013633023849,-0.03302494417331341
639,wikipedia,7.286968957429161,7.216140415805595,-0.05036174471142339
640,wikipedia,6.55323000832823,7.621345781193031,-0.09569443961426129
641,wikipedia,7.1221138057184525,5.91679304003897,-0.0069618510982013
642,wikipedia,6.418722870705982,8.86371955879248,-0.033571393538925534
643,wikipedia,7.2573476121956215,8.4448603316765,-0.019990103746518502
644,wikipedia,6.881075823549095,6.881674740368001,-0.0649739263265082
645,wikipedia,7.242945567015814,7.163103458927303,-0.038353912695834505
646,wikipedia,6.280995520428652,6.174986926644299,-0.04317897116720002
647,wikipedia,7.074764151674001,6.676465535984036,-0.0328501000607309
648,wikipedia,5.935029110317596,4.356978158744413,-0.027471786919015775
649,wikipedia,7.68711873604959,6.8378065505115035,-0.05264403453370851
650,wikipedia,7.525493048980264,8.849566672666189,-0.037691679943135464
651,wikipedia,5.804507740212014,9.972421606750153,-0.01296013483787463
652,wikipedia,7.15245425927789,5.6863291766142865,-0.0439557806750697
653,wikipedia,7.8552832494077585,10.018145006726964,-0.05190946753797641
654,wikipedia,6.302479363701396,5.308138146814935,-0.07013366387182053
655,wikipedia,7.7164565914286225,6.459488838358683,-0.013648738149652222
656,wikipedia,6.907298412055815,6.438716329230976,-0.06987323361618478
657,wikipedia,5.594619256737904,4.707045582003445,-0.05013340298557683
658,wikipedia,6.77546784715255,7.832825585857476,-0.07212064038662057
659,wikipedia,6.616837912070185,4.91518571386541,-0.019813587997085592
660,wikipedia,7.788710052751704,7.069258068427054,-0.05588686020377794
661,wikipedia,8.278173155437786,7.84100224426393,-0.0398184759835909
662,wikipedia,12.296152839329801,7.077266966078642,-0.05585720583986136
663,wikipedia,6.877197014015663,6.350016752922306,-0.06896909630846534
664,wikipedia,5.632679787231308,4.700511113500426,-0.031955328227837435
665,wikipedia,6.300064200417806,7.072933576262526,-0.04920488484970115
666,wikipedia,6.721378961859947,5.958922586266748,-0.017627837452614366
667,wikipedia,4.759219310117948,5.502414965179993,-0.030597472932177714
668,wikipedia,6.240292718631508,5.549367251991081,-0.04940718511948176
669,wikipedia,7.3183054182482365,6.1580458561032945,-0.011001580014812514
670,wikipedia,5.903098777164541,10.582779545589808,-0.011969762007848694
671,wikipedia,6.7045356277848365,5.725791679183198,-0.06987445275238205
673,wikipedia,6.930495131155474,7.822865292983363,-0.033207649832830366
674,wikipedia,7.56213704278011,7.659653354457541,-0.051216042017522355
675,wikipedia,6.116133006841536,5.487173604997074,-0.01423876173784848
676,wikipedia,8.32804346983002,8.385848004722378,-0.04080184870573795
677,wikipedia,7.394840224501015,9.273245424282337,-0.06623747139815901
678,wikipedia,7.136548670936001,5.724526393625839,-0.10233198843082743
679,wikipedia,7.173249696596545,4.650447262756836,-0.030235869764492027
680,wikipedia,6.21275725919115,4.838464922071657,-0.011346553925160178
681,wikipedia,7.079834735095928,5.865408457278139,-0.023481954060781775
682,wikipedia,5.831968043598328,5.114096054568877,-0.018231142233686798
683,wikipedia,6.948387352230604,6.861837047125675,-0.03243574101634079
684,wikipedia,6.172987795936109,3.75601230900473,-0.02091665852307145
685,wikipedia,5.5914371431437475,5.11629525417907,-0.013691743887394848
686,wikipedia,6.904944095849687,7.430132061416638,-0.07275723322287708
687,wikipedia,6.345911039028046,5.138336106080297,-0.031191726562650252
688,wikipedia,6.642883716845016,9.877857825616347,-0.004783992723893469
689,wikipedia,6.169417016153191,4.830766717352391,-0.02761196038801341
690,wikipedia,5.625015527293408,4.3486815930206735,-0.0158234640519299
691,wikipedia,7.316847419475822,5.6927604227404744,-0.024714156396572193
692,wikipedia,7.92514018431004,10.09230364508357,-0.051251398911641134
693,wikipedia,6.354713256548301,6.108644724894159,-0.045927992996173894
694,wikipedia,9.94764851740459,8.936368485381651,-0.053419212741013494
695,wikipedia,6.761597372564345,6.344361346521684,-0.052705338918823626
696,wikipedia,7.963485986880329,6.6543965588025085,-0.06324012964863224
697,wikipedia,6.462498519004282,6.977062119219516,-0.03954662267664269
698,wikipedia,5.83107493232354,5.777413306848733,-0.040386683364256375
699,wikipedia,5.500601025480387,5.883703579156658,-0.06953963631610564
700,wikipedia,6.801236382649406,11.13028028943797,-0.016966685389691816
