451,ap,6.691290332777255,4.7412490970431005,-0.02771956276669292
452,ap,7.443542568236119,3.9367455970430116,-0.043187566727003066
453,ap,6.229010749261864,4.82443146131461,-0.017285308675706188
454,ap,7.499092572314109,5.031547939520829,-0.0514918552585847
455,ap,6.399243929966499,3.278135245308758,-0.010423560470672543
456,ap,5.089675581266954,2.7369479289214533,-0.011391086239316535
457,ap,5.870582264267801,5.74492749537484,-0.04035669968438162
458,ap,5.976495472438948,5.89672011662814,-0.03606485645970884
459,ap,6.075033961102827,5.379366605557962,-0.07527558825914446
460,ap,6.62764311981407,4.346474470749961,-0.04808382781819461
461,ap,7.854051309210056,4.842358886118566,-0.014409115222797348
462,ap,5.633517918563498,4.4052179206536,-0.013123279896471643
463,ap,0.0,0.0,0.0
464,ap,6.700098198091863,6.154478170642556,-0.04655834872746402
465,ap,7.919802367977829,6.246527488201347,-0.04618431792540883
466,ap,6.46403937276601,4.774636180122814,-0.0744884781256443
467,ap,7.885416027312596,5.879965043317849,-0.10768369811669906
468,ap,6.517851397555617,5.306071688060733,-0.09136309026765226
469,ap,6.648143464272398,5.407198493655885,-0.033884771425364994
470,ap,7.613461728234159,7.463986310563426,-0.0944017484477786
471,ap,6.637462039253233,3.9518937832311094,-0.014599111186321765
472,ap,6.4930350460673365,4.831672874735931,-0.038930083300092705
473,ap,6.555247390257167,3.822660984526576,-0.015564500099749787
474,ap,6.328565732596006,2.7323596885421275,-0.014006425702028058
475,ap,6.388494125365412,6.1175452338285,-0.023288998906280906
476,ap,6.429734701805704,3.4913522997148982,-0.0141776048644406
477,ap,7.001030637507862,4.900204276434557,-0.03358811311898011
478,ap,5.450294690739089,4.493511711100892,-0.05026731601366005
479,ap,6.8973627421013175,4.731007389544963,-0.021289029777704995
480,ap,5.608963372992226,2.8432171577716714,-0.008872259285147049
481,ap,8.06434198376117,6.600077222120393,-0.07164411824977511
482,ap,6.269065540593825,3.9016226548489312,-0.01609537831362105
483,ap,6.579214783376509,3.3733979642982255,-0.012789381821368129
484,ap,6.446765532823727,4.933743559942611,-0.11391756599823069
485,ap,6.0961722735609465,5.175283214651651,-0.176514008589075
486,ap,5.791182137421657,5.310004817766543,-0.02596895288087167
487,ap,7.0910774162188766,7.320649409315786,-0.07246135229359395
488,ap,6.097319789289677,4.750364662699156,-0.03718641024200251
489,ap,7.818327928755977,6.628636562130849,-0.038751228315471634
490,ap,6.8465046773667595,6.634320139601767,-0.05324998329140814
491,ap,5.550237472671924,3.7193849735257793,-0.03513863649910657
492,ap,5.651112137127429,4.270207845801943,-0.02310880904648709
493,ap,5.574725166469118,4.635214106164533,-0.010546476573888023
494,ap,7.587173598652491,7.509713576975075,-0.033223990184864986
495,ap,4.882929484719195,2.9491577168673597,-0.00923229350011219
496,ap,0.0,0.0,0.0
497,ap,6.825459165364866,7.024207546270043,-0.058424474202927706
498,ap,7.0052609168151925,4.269359623834977,-0.06037161683157931
499,ap,6.444950309668553,4.825049111789904,-0.09414333702011793
500,ap,7.467901021328359,6.249685275890634,-0.061443758749469335
501,ap,6.7905257498873475,3.7415792968777084,-0.016419671682640073
502,ap,5.271933536414913,3.1917711557232034,-0.01441496282358928
503,ap,7.347187375534205,4.92000574409479,-0.05628625122382053
504,ap,7.007525695771246,3.7263102357685356,-0.07614997551391478
505,ap,8.14531829222008,8.16664426355631,-0.05165252887028881
506,ap,6.90810487544178,4.987378766002988,-0.0545794687379868
507,ap,7.004343029678598,4.765375739052286,-0.0769127645799924
508,ap,5.8256101705929595,3.9968552884366497,-0.02118196037027459
509,ap,7.576649870328747,5.6569119209889465,-0.02252990357775945
510,ap,5.350595574275768,3.7203830450437865,-0.034207035169732385
511,ap,6.031829080995452,4.835079148748977,-0.031031515457562556
512,ap,5.800883158014435,4.116822365442671,-0.021622652771195246
513,ap,6.084373468277561,5.390923761633323,-0.031555414772657865
514,ap,5.751030544440678,3.5658556428789625,-0.013238216431610333
515,ap,6.658558893619951,4.513603352983875,-0.0313832876829798
516,ap,6.567806629437432,6.1245897723128,-0.053165202626031395
517,ap,6.596102536030775,4.195442809795562,-0.029118433153699542
518,ap,5.230605690631126,2.5192501103873703,-0.010842618147708528
519,ap,7.176202644558522,4.0945189905088455,-0.022254617538808086
520,ap,5.8306273152345,3.481101354672103,-0.011903071954428447
521,ap,5.567886219575908,3.8590983606979754,-0.0689503179623508
522,ap,6.553004704628234,4.522208323624043,-0.028187141519960036
523,ap,6.840954098660194,3.072633825718556,-0.01880793890487315
524,ap,6.049607015140729,4.390309846565439,-0.07493915159431432
525,ap,7.276021820773898,3.9650697631571936,-0.03225431898374035
526,ap,7.915446682771328,7.613849292393723,-0.1807568244569172
527,ap,6.25274705681931,3.8954108660857925,-0.01562612709625255
528,ap,6.812271185181512,3.6264734678899138,-0.04423284443374892
529,ap,5.94469175415794,3.5710807225150774,-0.01586945648653074
530,ap,8.08697509823267,4.77434972155867,-0.1172126538850108
532,ap,7.976913467550962,7.082911742147445,-0.117522617847705
533,ap,5.853104200678816,4.7279191556806515,-0.050599914831834944
534,ap,6.36808847894855,5.16318209898716,-0.01591478027295158
535,ap,6.189290468704216,4.206252526442034,-0.05251749737833862
536,ap,6.604120786786764,4.277177474770543,-0.03937206390200148
537,ap,6.141955904024694,3.5443071533575448,-0.022769186539532277
538,ap,6.315175851656539,7.108449252560389,-0.043910743026532396
539,ap,6.466927465157158,4.333716541031544,-0.05301325181339816
540,ap,6.470965490608664,4.703931872730084,-0.056522743643021775
541,ap,5.846913733641384,4.076999538527341,-0.04703771763066885
542,ap,5.738813203894739,2.418678388920499,-0.020162240156699127
543,ap,6.039702316037606,3.2534353431438086,-0.13070997043327362
544,ap,7.300434446564451,5.154970905919916,-0.03577642338690066
545,ap,5.472403921806106,3.07321432321724,-0.021863704700549765
546,ap,6.772762680874508,7.472878797195065,-0.03694764919525202
547,ap,7.03707661860048,4.96608366311277,-0.021924134729322056
548,ap,7.25205294280527,3.5540565204326144,-0.02151888583225158
549,ap,6.627190149856308,5.513057594209998,-0.06285530800153893
550,ap,8.002739322855525,4.746472274856833,-0.028001658795762115
451,wikipedia,7.653071674880751,6.260599563263214,-0.09793500083370844
452,wikipedia,7.522123751536127,5.398324140679575,-0.049008456782452144
453,wikipedia,7.31262790159752,7.0499801748051825,-0.02611143427813783
454,wikipedia,7.602675801240154,8.139997688369164,-0.01892676384044675
455,wikipedia,5.711034280523802,4.849046102465388,-0.027988545712446456
456,wikipedia,5.255407046577878,2.6408376130051345,-0.012012747878549373
457,wikipedia,7.49545441185796,8.565698024961574,-0.04094205207650182
458,wikipedia,8.26290392030046,8.059349615908484,-0.05973178579176412
459,wikipedia,7.892401178959279,10.794660010046936,-0.04677280512071877
460,wikipedia,7.4988464507909045,4.927804229772224,-0.02566031915676807
461,wikipedia,9.543789470606407,7.311627489512597,-0.06383220121419186
462,wikipedia,6.759787952245497,5.395992123195082,-0.018038343783226295
463,wikipedia,0.0,0.0,0.0
464,wikipedia,7.116743640871086,7.613695229822946,-0.08560672118671196
465,wikipedia,7.848957212495553,6.938740234912013,-0.034609940347574655
466,wikipedia,10.197210555124217,7.230551200731325,-0.03288113721854699
467,wikipedia,8.931404159954154,11.460631404429211,-0.14453748379704018
468,wikipedia,8.286871368507223,10.785873106995767,-0.03846873173181727
469,wikipedia,8.576651957847591,6.564001799028368,-0.1262192414548451
470,wikipedia,8.844617943908947,8.985862783058499,-0.06751231208860134
471,wikipedia,7.2558180744724154,5.018775529121975,-0.021898730875021984
472,wikipedia,6.823541344889324,5.453739730007972,-0.02407841879833821
473,wikipedia,5.695802811785527,5.16162544123732,-0.010568400306574185
474,wikipedia,6.692063322323369,4.236142245137017,-0.00953144012597434
475,wikipedia,11.389834860038754,7.532279433281566,-0.06561758444061443
476,wikipedia,7.724341091776892,9.519687286936591,-0.05198537149407486
477,wikipedia,9.276612105129875,5.457046367007172,-0.015305986994644971
478,wikipedia,6.2840861338578105,5.970088645713882,-0.04071511483455471
479,wikipedia,7.761539561314477,7.568683255216248,-0.02126080702269185
480,wikipedia,6.263476446204977,5.187316072003653,-0.03857648755405906
481,wikipedia,6.048379254349847,7.885970592080601,-0.044488143590049024
482,wikipedia,6.934190803507869,5.7355912304994074,-0.04148319582495977
483,wikipedia,12.6195179481831,7.362796253090392,-0.10885893470120576
484,wikipedia,7.165865064138173,7.9475168396953055,-0.03990583971425703
485,wikipedia,7.143631988903649,7.845884833461133,-0.045731197986128305
486,wikipedia,7.438417268391195,6.9319370699377085,-0.03521788050020467
487,wikipedia,9.524646788216026,9.135085700030732,-0.0692260766768252
488,wikipedia,6.566551560710081,6.7740314174705984,-0.039400294740995004
489,wikipedia,8.511145224258417,7.353889637429641,-0.04397014059136092
490,wikipedia,7.489547953608218,8.414535598611137,-0.028399400131761027
491,wikipedia,5.851511671265536,5.258773251070223,-0.03433132818341855
492,wikipedia,6.704137005659115,6.843935918087754,-0.04441528760579615
493,wikipedia,5.7015368767462125,5.272577002235584,-0.029922370235819975
494,wikipedia,7.394649333429952,7.735824073148518,-0.04350846828109823
495,wikipedia,6.399051939463959,3.4909642604710784,-0.010465050320873895
496,wikipedia,11.83929949095615,9.805683934032743,-0.08733024960737652
497,wikipedia,7.726907458962099,7.685931987413798,-0.058880125256638355
498,wikipedia,8.79714846193976,7.845368070916903,-0.06425962042409752
499,wikipedia,7.543051590508801,8.467750172187724,-0.038082285770129246
500,wikipedia,7.6296704409158735,7.156592624680547,-0.04723741414957069
501,wikipedia,10.161868478079498,6.476235489620021,-0.027057457690721494
502,wikipedia,6.48267376389343,5.810380588974754,-0.0246452509780388
503,wikipedia,6.801861192008857,6.187499705731072,-0.02565628228843929
504,wikipedia,7.719196603507702,6.435733403932074,-0.077510765779782
505,wikipedia,7.362290259472855,7.918113925045374,-0.07364528104884123
506,wikipedia,8.183271009440583,5.87169300625515,-0.02280009979046516
507,wikipedia,7.93817614248375,6.781010071162255,-0.0428634564639056
508,wikipedia,7.7936358672545625,6.9731937896586205,-0.04234688394247878
509,wikipedia,8.304197159680937,6.690913659180602,-0.0415144354274306
510,wikipedia,7.423457782006968,5.90803227723867,-0.031176019858259598
511,wikipedia,7.357219540792858,6.626027930769555,-0.03673198774327823
512,wikipedia,7.121752941299306,6.176058934703378,-0.021256027176463438
513,wikipedia,7.549896784714764,7.047713735487106,-0.044824801192220834
514,wikipedia,7.048787796186465,4.878390744256812,-0.023450165953714706
515,wikipedia,8.16725623418593,7.2524252912127505,-0.039168191546270846
516,wikipedia,7.541823880882951,7.421683163158166,-0.0369098757988283
517,wikipedia,6.594775588192557,5.217868717965056,-0.02654356120423681
518,wikipedia,6.636704271097723,4.563518716627675,-0.02311394842888591
519,wikipedia,7.426720007375324,4.769778198024342,-0.029575948144541942
520,wikipedia,8.06914200860317,5.175741041127535,-0.015156689294595314
521,wikipedia,6.714338129307552,3.6761601554035734,-0.020979310857629153
522,wikipedia,7.03437239075612,6.893923857121972,-0.023223615950264415
523,wikipedia,7.000469874367403,4.177516569427081,-0.022019098845087796
524,wikipedia,8.169158210759385,6.949324671000888,-0.04701318213892469
525,wikipedia,7.0044646430024144,5.998787832388837,-0.027352289866377784
526,wikipedia,8.308472889404639,8.262823508418785,-0.05990267144439264
527,wikipedia,5.782859225584029,6.326789241844304,-0.03886414485910216
528,wikipedia,7.6599109274067665,10.047324048215737,-0.10277138525532303
529,wikipedia,7.582888991457925,5.159396637248127,-0.01542375859645268
530,wikipedia,8.501189151467443,7.812757379588142,-0.05053867870064542
532,wikipedia,8.748324270161982,8.63596029449284,-0.03405752546054887
533,wikipedia,5.759094170463046,6.419789905353542,-0.0522107083502812
534,wikipedia,5.86239909290245,3.9188323428210587,-0.013297906825230906
535,wikipedia,6.374954987730312,5.0353830670556095,-0.04265921579009962
536,wikipedia,8.675187858358129,6.463084915072639,-0.030088486549777867
537,wikipedia,8.357291775947639,5.072405850210821,-0.05960389149738957
538,wikipedia,8.155061965307885,9.294050764766578,-0.09427815233439894
539,wikipedia,7.807906927999776,4.715404865947937,-0.023859691627715382
540,wikipedia,7.490395271107522,7.31487803864742,-0.01380550182659138
541,wikipedia,7.230715833314333,7.632856037285796,-0.03635704332805802
542,wikipedia,6.394734929314621,3.6921695319143817,-0.011184492307048691
543,wikipedia,7.845188233500405,7.84057397004887,-0.017231888109801575
544,wikipedia,8.892262240380642,6.481787990544713,-0.03864436450254373
545,wikipedia,6.3250245379941665,4.880573811478327,-0.018363218113343443
546,wikipedia,8.252394634265894,8.95779319512533,-0.03881727276287922
547,wikipedia,8.04738150618492,9.12989936220568,-0.08320262646466128
548,wikipedia,6.929992913226853,5.8776357809202,-0.046183902107453045
549,wikipedia,7.673401863503177,6.584510043030006,-0.026828314847231576
550,wikipedia,8.012019310239921,5.217515794622279,-0.014197349298874952
