101 ap 0.17330581355349156 0.21556725761764112 0.21556725761764112 0.9121741633741445 0.8152553847255094 6.150930591597776 2.2348592402562604
101 robust 0.2931704260651629 0.1505288358057632 0.13896402689782786 0.86864717354061 0.8353137356270243 6.643660472012653 2.075246334289308
101 wt10g 0.1626971841368126 0.16122130158637238 0.14401608415180764 0.8336436863977983 0.7695193294549134 6.9581718862183 2.182592603257487
101 gov2 0.10565875472996215 0.15899973928539426 0.11627770393858002 0.8486853525409218 0.8434028541693286 7.296882854172195 2.216799481939878
101 wikipedia 0.18598211214310284 0.15540952259241633 0.11344137009493505 0.8526263652593384 0.864256308236589 6.91052472089517 2.04138554717693
102 ap 0.18568971448228414 0.1733569828726767 0.1733569828726767 0.9006630826208208 0.7791657136754383 6.268584244020125 2.3311183960947077
102 robust 0.30004696885501836 0.14880649190796988 0.14869769193263946 0.8730134405004479 0.8067237082038604 6.691093679237535 2.2483995024561976
102 wt10g 0.010526315789473684 0.07815256512700926 0.08755938186133286 0.8328639803506959 0.7477969041466599 7.028047120972932 2.345515583201882
102 gov2 0.022910216718266256 0.08848873240109083 0.07951576323257875 0.8297932807968899 0.8007839630278669 7.242846162928245 2.359620692966945
102 wikipedia 0.16931544547643618 0.13367346742378747 0.10648358200753977 0.8521826532608131 0.8547262031692003 6.963484338153771 2.0912035007332612
103 ap 0.2613612651538348 0.2409028242971526 0.2409028242971526 0.9002355586387396 0.8091202813619536 5.7551585549872994 1.981995663672997
103 robust 0.09513243894048848 0.11912258022242982 0.13173990116879447 0.8480603743417208 0.7635086142545152 6.145383813863823 2.088982511998451
103 wt10g 0.29453119979435766 0.21139391667592852 0.20066978987618783 0.831050076327419 0.9183064882453654 6.3158181015745605 1.7986336724078764
103 gov2 0.0 0.08901182451537251 0.14316935202121253 0.826413838499699 0.8516428580840738 6.590164512574412 1.909154608219811
103 wikipedia 0.12915376676986584 0.10624390468188497 0.09870309424837835 0.8104772292592837 0.8608500542669026 6.736444813654275 1.8323370224228144
104 ap 0.18928448572411422 0.24297193736397313 0.24297193736397313 0.9201899323532073 0.7984801114999778 5.989925686277461 2.145368240479711
104 robust 0.1335999312005504 0.19969054933766947 0.20571772348305956 0.8811768193207965 0.8008143066408403 6.160192554384016 2.020840111096043
104 wt10g 0.010526315789473684 0.22363777363604398 0.22480760342606448 0.8672296094453595 0.8795366043567815 6.278250250394337 1.6600671127509374
104 gov2 0.005263157894736842 0.20130904296727453 0.21587239673512265 0.8725627588465301 0.8817450332637127 6.08005633887822 1.7555185307734218
104 wikipedia 0.211484593837535 0.24078453868879307 0.21726226516617564 0.85960343557484 0.8656487274811794 7.041919113425499 1.8195509324785437
105 ap 0.07017543859649122 0.1841848029981731 0.1841848029981731 0.8873400896830514 0.7791149421613004 5.941203817385589 2.265719261969838
105 robust 0.005263157894736842 0.09202626861037122 0.11041708022208396 0.8203684865884353 0.7737620384361794 6.562680311753753 2.235273809391223
105 wt10g 0.0 0.01820620428406166 0.06793061301579288 0.7932868555953667 0.8262964068802133 6.941966434836564 2.1325159496818515
105 gov2 0.005263157894736842 0.09992098826743784 0.098445119431204 0.7593620704840301 0.7857680219136322 7.382982081498399 2.401010360375407
105 wikipedia 0.0 0.039408450166298854 0.07931675297366209 0.795043220335152 0.8449902140211459 6.775220822166757 2.007214501605835
106 ap 0.11902304781561747 0.2189866465870381 0.2189866465870381 0.9053741793958541 0.783218511232291 6.188482986825344 2.3267631929167
106 robust 0.0890952872377021 0.12209223374135433 0.13515123528176493 0.8573444397009095 0.778919737779236 6.514370918298027 2.196872347328936
106 wt10g 0.0813467492260062 0.09234876165123407 0.07950496462490776 0.822573305640712 0.709894208463499 7.246847743175081 2.3237485728355547
106 gov2 0.05131578947368421 0.118674452636964 0.12152469403022954 0.8051305976846256 0.7579142069044594 7.731537090638687 2.5052424405394023
106 wikipedia 0.19379084967320262 0.14687116948346574 0.1380034952719535 0.8491737074826835 0.8146089950826135 7.497062190412586 2.2974107961917527
107 ap 0.2774500353447722 0.2514491892989944 0.2514491892989944 0.9146579703613029 0.7963433917019597 5.775344704541092 2.241702339577326
107 robust 0.08719470244238046 0.11385414778572947 0.15636173070913206 0.8712190470224069 0.7827630242875239 5.9610466666414865 2.1193379739311684
107 wt10g 0.10277777777777777 0.13362983452215424 0.1284559978670048 0.8434822217476344 0.6643218898380051 6.78664698220108 2.35130900996634
107 gov2 0.11722566219470244 0.12276879259695322 0.12380528708295785 0.8528651171680057 0.8487860384279254 7.359250115749374 2.0698600696281804
107 wikipedia 0.12683178534571724 0.15143390411181196 0.14978716850760848 0.8604037620276604 0.8330575136725396 7.179676974711584 2.232535772028263
108 ap 0.07671138630890953 0.21844160989171532 0.21844160989171532 0.9156567501875141 0.8108787952991543 5.827253622295497 2.1484997289362897
108 robust 0.0 0.16239163607709856 0.16696849512249803 0.8537892586605763 0.791216906897682 6.055522072793755 1.982320260506703
108 wt10g 0.03333333333333333 0.17126322413238082 0.15620316659783287 0.8185040382245123 0.8610149147146007 6.8942837052660355 2.096273630830424
108 gov2 0.0 0.12720327171899307 0.1302094908507177 0.8243846478107658 0.9016567708179937 7.328988887001273 1.9956307426631457
108 wikipedia 0.03742690058479532 0.10107502512436946 0.1073163938739077 0.8264796970177452 0.8453493656417523 6.830316004605232 2.025733984407073
109 ap 0.10147918816649466 0.14127344765053332 0.14127344765053332 0.8861295852249642 0.763959491013886 6.270073787686128 2.301192229046366
109 robust 0.010526315789473684 0.10486584852175337 0.11104104429724565 0.8345436127946948 0.7730177538049391 6.246594589445499 2.1595088043889326
109 wt10g 0.010526315789473684 0.11446493714795476 0.10932922725037596 0.807103435825541 0.7364265929750236 6.458778021680713 2.2506290522068086
109 gov2 0.0 0.07177821761830254 0.0839204861565684 0.7844043501408307 0.7392405564609219 6.844493124255518 2.420760309413196
109 wikipedia 0.0 0.06161818082264449 0.08618522593792691 0.8089171534718385 0.797218288119239 6.99439710116944 2.195361483007351
110 ap 0.07739938080495357 0.20849215987174466 0.20849215987174466 0.9259013565773091 0.8243034557954875 5.853396292599374 2.2271416689740895
110 robust 0.09153766769865841 0.2094939590022469 0.20193485814027484 0.8821105429057237 0.827810260968725 6.345430917982372 2.095852846439801
110 wt10g 0.18957688338493292 0.16300558603397847 0.13810637758552932 0.8596306364867298 0.8095759825945537 7.00522410599269 2.198525646310239
110 gov2 0.026900584795321637 0.14356042689675574 0.17647228308720475 0.8443109883145743 0.9014560732001748 7.758316524748829 2.302679675116369
110 wikipedia 0.15333677330581355 0.16077462432121617 0.1518844823819656 0.871889740754941 0.8748291393529567 6.557147503504388 1.9373401268230437
111 ap 0.1197110423116615 0.2324908929358098 0.2324908929358098 0.9144139795882156 0.7775573634878572 6.2237346492362855 2.3325574587855438
111 robust 0.20175514200282002 0.2768319714959373 0.2331358069970402 0.7623495433932628 0.8118458470877622 6.401445897951971 2.0798367936883433
111 wt10g 0.16375988992088064 0.15505036467990113 0.14167098404719694 0.837987651360225 0.886685155424521 7.243204936571494 1.978903675478223
111 gov2 0.021052631578947368 0.20199339702442365 0.21233409959571267 0.8222197838694164 0.8799737148704263 7.318128831251775 2.247340089136514
111 wikipedia 0.20053688141923437 0.2629692381668432 0.24685675922662548 0.8536963237512386 0.886438368946055 7.11649266113217 1.8952052728324387
112 ap 0.10298417612659098 0.10367054976805856 0.10367054976805856 0.8874743066396622 0.7462179198345686 6.456853926913578 2.381175551066007
112 robust 0.01637426900584795 0.10882341742930268 0.10289443190584185 0.8227094293936209 0.7722164837689255 6.610543833849478 2.3746965488128167
112 wt10g 0.021052631578947368 0.09437056803080195 0.08388032993601988 0.7994232065278484 0.7500515378428936 6.695440096185087 2.327670984517639
112 gov2 0.015789473684210527 0.042046895829916636 0.09946636471511396 0.776979008996229 0.7133858913739388 6.857859369637659 2.4272526903142215
112 wikipedia 0.015789473684210527 0.05433553770046574 0.06347912977208019 0.821681718705319 0.794170209447675 7.092513042406868 2.4957863016794493
113 ap 0.07017543859649122 0.17707734582959433 0.17707734582959433 0.8852713420929557 0.80287560298195 6.731470180187829 2.3570145561003155
113 robust 0.01111111111111111 0.10896951495616092 0.13843878714490124 0.8424381212955877 0.8074628779532103 7.171345505616281 2.2791611283798043
113 wt10g 0.03611111111111111 0.1550249756047053 0.1337973395954174 0.8168873359688966 0.7609013439630463 7.222751488016851 2.2377054324169716
113 gov2 0.010526315789473684 0.13838945075658282 0.17509351338660634 0.8019812380413265 0.7656474344154309 7.1048274643861 2.3574742619860545
113 wikipedia 0.021052631578947368 0.15532880629878854 0.15094570307758778 0.8334189173481045 0.828972893402396 7.317157569880381 2.3133356498429767
114 ap 0.24055727554179565 0.28021191608305634 0.28021191608305634 0.9232257914901237 0.822637544968615 6.718039986439264 2.5724158206387844
114 robust 0.27717086834733895 0.20671131055873562 0.20034558402053002 0.8833907440426787 0.8577592076570711 6.975734751706668 2.0565170382390794
114 wt10g 0.1423546611627107 0.27067650679450334 0.21092898800223903 0.7798830439107126 0.7313555236566128 7.235034767658582 2.1181353229209376
114 gov2 0.2510273610118811 0.4419383113050731 0.2609319713993435 0.7162328470202387 0.7771461055772182 7.123835429726357 2.492889193507428
114 wikipedia 0.128921568627451 0.22230286932962082 0.20290808105955851 0.8655837087665927 0.8232185605207204 7.177691434999598 2.4176375200504006
115 ap 0.1608531131750946 0.18948052765002038 0.18948052765002038 0.920891725843516 0.7827107723350252 6.181285393374274 2.2639760308953827
115 robust 0.10137598899208806 0.15769001164431698 0.15065517621808439 0.8864909698140482 0.8175859357198981 6.489266471036483 2.1237950018616205
115 wt10g 0.2426470588235294 0.147651227297723 0.13046848863287414 0.8509631509089634 0.8775809721383382 6.752880091914827 1.9052849798893583
115 gov2 0.01637426900584795 0.10941660437576362 0.10541402281792651 0.8503221712070616 0.9007938752332479 6.974679657892412 1.9602813476012266
115 wikipedia 0.0543859649122807 0.1409141634149782 0.12164573168696563 0.8557284734042506 0.8474811369526735 6.9616369096341275 1.9890408852026367
116 ap 0.3579834767915263 0.31415820649887705 0.31415820649887705 0.9266670635582462 0.826881130577783 6.880914759214693 2.5096399857821163
116 robust 0.3761904761904762 0.27389021855402973 0.26101852754093813 0.87455715167145 0.748580686023544 7.030595888006838 2.7124046999378226
116 wt10g 0.09542483660130718 0.08673503889885689 0.15850299878227778 0.843332751353458 0.6760356852182039 7.155513277445921 2.49866550778634
116 gov2 0.0 0.19367507774593676 0.23569918274300317 0.8664754273509925 0.8442777525270526 7.394366685367265 2.3214230083543135
116 wikipedia 0.09415204678362572 0.14673533843232386 0.16950147878832184 0.8600242883053962 0.8022199639425711 7.805868303055778 2.472628410941447
117 ap 0.1293859649122807 0.1977052013983471 0.1977052013983471 0.8808711945728361 0.7208808607798404 6.60763630320089 2.6087902600848665
117 robust 0.027485380116959064 0.15283933908936537 0.1702203727163329 0.8533870473005002 0.7772967311860614 6.498152817665223 2.35270701600421
117 wt10g 0.01637426900584795 0.1425549347705246 0.1320804538112467 0.7751977662003182 0.6926953901306567 6.725020489472225 2.304946027246017
117 gov2 0.0 0.08704693351029241 0.06956506394403936 0.7782800185067289 0.7050559465859692 7.315958161852045 2.4010130331579784
117 wikipedia 0.07412280701754385 0.13830786473079662 0.08943486197219047 0.8024063281701213 0.7473890010063864 7.199546983226135 2.4663369588603428
118 ap 0.07017543859649122 0.08925942160154898 0.08925942160154898 0.9036234763817237 0.7839428894454772 6.381008248622344 2.2951524304640634
118 robust 0.005263157894736842 0.038325356779265275 0.06406951128102034 0.8578589930248679 0.7742494323953518 6.730260832983147 2.304454468645607
118 wt10g 0.06862745098039216 0.0892876350188958 0.07553643587080318 0.8406165133238163 0.794639064004424 7.397586864185884 2.2374771220746794
118 gov2 0.0 0.10370616526435149 0.08305677492458809 0.841604832730164 0.9106950363128051 7.646462836233858 2.02985165466012
118 wikipedia 0.027485380116959064 0.05722794432287962 0.059124123126091145 0.8495855598347518 0.857632155164348 7.108698017841918 2.097303214476796
119 ap 0.10663914688682491 0.10509333900995337 0.10509333900995337 0.9138946320867578 0.8092497916874339 6.021383290029319 2.083879552776009
119 robust 0.04269005847953216 0.04080075287648403 0.07913271827581836 0.8784663759690421 0.8057487074910511 6.657297006399118 2.170680338245891
119 wt10g 0.04791021671826626 0.0635011746212953 0.06607146025798769 0.831297307148293 0.8191827292499131 7.266728278777389 2.1718961556912797
119 gov2 0.0 0.06934520045437657 0.09134470582412216 0.8524873196332894 0.9341644178951973 7.638622335816102 1.939036632680107
119 wikipedia 0.026900584795321637 0.06333935298769937 0.06980123121190171 0.8547563593958069 0.8702218580403935 7.1644071567721 1.9469114453255827
120 ap 0.0825593395252838 0.08659208292183909 0.08659208292183909 0.9329791870906782 0.8171832750040968 6.008354509207936 2.144637857275622
120 robust 0.015789473684210527 0.05360856077709644 0.06374080084458131 0.8976571160385451 0.8398784172451603 6.398696549958008 2.00304197862927
120 wt10g 0.07058823529411765 0.09070071541685028 0.07507557236459879 0.8730263915308885 0.8557089068624911 7.291122873873884 2.2047951487394606
120 gov2 0.0 0.07373766085779226 0.07419525432120481 0.8524844725339984 0.8656143349931417 7.746198786308617 2.234229646892334
120 wikipedia 0.01111111111111111 0.05865349912704647 0.06319223960696582 0.8776449603027686 0.8797497873853724 6.905692034032058 1.9621506628119505
121 ap 0.13222394220846234 0.24690608832888644 0.24690608832888644 0.898638100774299 0.7365107907062599 6.310098216318675 2.496085233406551
121 robust 0.021052631578947368 0.1379542621908468 0.13525140753837167 0.797562314163613 0.6738618844782832 6.893665904660895 2.6855295787922815
121 wt10g 0.031578947368421054 0.1630940002068766 0.1507197354967043 0.7947859920807427 0.7291919982463134 6.605283478922879 2.4634635683041317
121 gov2 0.0 0.22756169110666472 0.22200941976418273 0.7772206864510266 0.768879913575373 6.670389159719338 2.4005285327743
121 wikipedia 0.08719470244238046 0.17665034560975185 0.162153238592683 0.8074630996950107 0.7837163470821784 6.720414765758048 2.367928672484598
122 ap 0.1074561403508772 0.20535138514131795 0.20535138514131795 0.902308968858643 0.7650778873487712 6.614046676184896 2.430797241359765
122 robust 0.049707602339181284 0.10950747398786251 0.1512347447957246 0.8517485519334479 0.777641724072105 6.9790867468807125 2.319044743347058
122 wt10g 0.005263157894736842 0.16764902414832422 0.15902013971035106 0.812732786572878 0.8071028277601345 6.628681871537506 2.3222888531321333
122 gov2 0.0 0.15164478693608588 0.18592688650702238 0.8194608953544847 0.8189572873421447 6.67501995716256 2.382919574169112
122 wikipedia 0.015789473684210527 0.010264317316447849 0.148325121531141 0.8418292747978924 0.822266032473531 7.109614073735381 2.431039952871211
123 ap 0.1136173767752715 0.1641828140015703 0.1641828140015703 0.9031849129237741 0.7495853141302611 6.957640494742986 2.5664536381015317
123 robust 0.0577485380116959 0.085122331490475 0.11339569809982111 0.840836194921184 0.7614661889701306 7.098808910035922 2.468356336306143
123 wt10g 0.015789473684210527 0.08816151277840077 0.13095486267967443 0.832291714933044 0.7647904648694366 6.968190767837388 2.549331023281402
123 gov2 0.0 0.09387360780380388 0.11518987363000338 0.7644600020590921 0.7946465154805429 6.816524681034659 2.2484079149185225
123 wikipedia 0.028758169934640525 0.10218659536245459 0.11527037204320903 0.8311893550274579 0.8097611292845202 7.266636763220411 2.582279328306275
124 ap 0.16142439431913116 0.24232933174039373 0.24232933174039373 0.9063500444799408 0.7606685893006805 6.761998366607319 2.4572855262042133
124 robust 0.030263157894736843 0.14252183720824207 0.1818010049665274 0.856328497792489 0.7828255168408229 7.234195888494565 2.338830235115231
124 wt10g 0.005263157894736842 0.16374049868105844 0.2321261579545095 0.8174155899544082 0.783065360041372 6.785808080679262 2.4189626412486174
124 gov2 0.0 0.18985520313505463 0.2485489845707294 0.8392091424677355 0.8358814627635704 6.9115858282199 2.225773408268938
124 wikipedia 0.010526315789473684 0.1409213982948594 0.19084303124891702 0.8439329546527778 0.8177451384897447 7.162913684092958 2.4112008962781646
125 ap 0.08771929824561403 0.21316652545776393 0.21316652545776393 0.9099063299204997 0.8064308022887146 6.4746887761824015 2.257975615943039
125 robust 0.08441692466460268 0.19859353772839772 0.18981976354340738 0.8788490394123959 0.7568026056048867 7.0310265814762944 2.3893707680517355
125 wt10g 0.10098039215686275 0.1813288510308033 0.1642972398623699 0.8471906614661372 0.8175094050052549 7.140113461330346 2.190128383982092
125 gov2 0.015789473684210527 0.22661973537254435 0.19308090726311106 0.8276872881153778 0.7926387344004688 7.47774299190844 2.1490307687907713
125 wikipedia 0.05321637426900584 0.24475095029777677 0.2188774378876428 0.8473975672468101 0.8160173058971499 7.522931468939775 2.288660962131794
126 ap 0.16766794437073074 0.13544875758296873 0.13544875758296873 0.9203101435355927 0.7782043638914578 6.49116208948359 2.3007270260675967
126 robust 0.005263157894736842 0.056014077715439516 0.08890179190189076 0.8737864199452535 0.7565178564207673 6.871996035215006 2.24245449317881
126 wt10g 0.050980392156862744 0.31085087947284784 0.2485635666812186 0.783748708843567 0.6358202898129375 6.46039794748593 2.8011111548457217
126 gov2 0.021637426900584796 0.13157235888374977 0.14477087300417754 0.8359064051574211 0.7015231117322301 6.793718272248382 2.5416840320335017
126 wikipedia 0.045132438940488476 0.11404542930019215 0.122062680095659 0.8742220811318959 0.7661666744747331 6.922708905061715 2.4118700887663063
127 ap 0.05263157894736842 0.18016610388513804 0.18016610388513804 0.9203441977602371 0.8388782068766537 5.623563842471779 2.051243761792338
127 robust 0.01637426900584795 0.15454352716611586 0.1520986275871366 0.8423993052326949 0.8285896735413015 6.165531991166374 1.925150362964393
127 wt10g 0.046405228758169936 0.06304552570547997 0.08699308583138415 0.8628536251087007 0.8561403422688295 7.269397015618765 2.0523303710103873
127 gov2 0.0 0.032955031951607094 0.13814363643554395 0.8683031992741821 0.8575572668083363 7.616046177219439 2.241507061446601
127 wikipedia 0.06873065015479876 0.1143944829205459 0.11414443731135644 0.868849187989126 0.8836108368162661 6.864395633302148 1.9146509382323924
128 ap 0.13209494324045407 0.17365846432794582 0.17365846432794582 0.9123196004083158 0.7757656373927129 5.899034048489326 2.317617078320577
128 robust 0.005263157894736842 0.04910722027579851 0.07885350129305435 0.8660926074731665 0.7623434815146367 5.864026363159896 2.131779906762713
128 wt10g 0.026900584795321637 0.05474300105224983 0.07565502702852508 0.8127959559939576 0.7690545265209465 6.75553897546778 2.2561771229230474
128 gov2 0.0 0.07226607912383645 0.08073619660202512 0.8518781973870423 0.8304994926505492 7.178976319348183 2.193735107990061
128 wikipedia 0.09941520467836257 0.07385276398798318 0.07778935875652612 0.8585892401858133 0.8318372079392494 6.794382357506089 2.0788035792791355
129 ap 0.14523563811489507 0.24124812571846246 0.24124812571846246 0.9321306165051764 0.8272268050463091 5.960005274846452 2.296704949020762
129 robust 0.17598039215686273 0.20922676202112142 0.20585709971734154 0.8951291594690501 0.798811996708371 6.81480891532326 2.3057081678454487
129 wt10g 0.12660818713450292 0.10923728879655681 0.08422228657772492 0.828627175432429 0.7903190820803282 8.058717934197764 2.468386631082904
129 gov2 0.038011695906432746 0.10446125104060232 0.11718153834584129 0.8440656382872553 0.8661778710661131 8.518610154448812 2.3406820380427997
129 wikipedia 0.06432748538011696 0.14247584900239355 0.12247727182127088 0.8484857701228885 0.8523435060165533 7.3024013224899935 2.153103102498633
130 ap 0.1197110423116615 0.24638118741856357 0.24638118741856357 0.9316252098868358 0.8311807910942961 5.892506475344669 2.152087686195907
130 robust 0.08830409356725145 0.20384579361854743 0.20029229602671222 0.8966832449950073 0.8413799118910219 6.779445112517662 2.0396371846942647
130 wt10g 0.06219470244238046 0.09269603875518544 0.07840587386290505 0.8509441857563399 0.8424245527557925 7.690854463405252 2.418714168177736
130 gov2 0.005263157894736842 0.05742069882577076 0.09671835655201787 0.8498664453985036 0.8450115128634783 8.374358158572553 2.5126878119880254
130 wikipedia 0.11248710010319918 0.15350218747020855 0.13912269268961697 0.8681189250337109 0.891817083747121 7.033170309461981 1.9509408665915908
131 ap 0.25248538011695904 0.2648599806755185 0.2648599806755185 0.9131713370612824 0.7713110911786075 5.90616049211586 2.384287988111151
131 robust 0.03928448572411421 0.07865740721245854 0.11810596363671996 0.8457632604231893 0.6868879441805141 6.232512727653305 2.3773562057358575
131 wt10g 0.04912280701754386 0.11036188209004105 0.11251451158491005 0.7989464535211321 0.7374860170068064 6.4994608929019595 2.359528574486771
131 gov2 0.026900584795321637 0.05232424491208385 0.09770446639385508 0.7415356624670327 0.6448513822399907 6.533426930221623 2.542776516358233
131 wikipedia 0.10367585630743525 0.06792639347129473 0.06037747829688381 0.8240232248272841 0.7848862163231426 6.883191181232275 2.240374934189558
132 ap 0.14680082559339525 0.22939904326042895 0.22939904326042895 0.9133204584097954 0.8356192403894365 6.5783102207834805 2.3553928180891175
132 robust 0.14725662194702444 0.15149752400009658 0.14712656289822068 0.8788482460053256 0.8103496838331053 7.082362537600516 2.2560129226627486
132 wt10g 0.31129785247432307 0.23406081904849707 0.13351606678540387 0.8447407680278146 0.8038758700697649 7.297102706694963 2.2568899419766866
132 gov2 0.15836773305813553 0.1420405133768807 0.14571528469051537 0.8618388965427397 0.7952948446650993 7.7658905181671525 2.5841762119275766
132 wikipedia 0.23222394220846232 0.19354891791414017 0.16633408279067294 0.8785447769091357 0.8740016890596892 7.061634072344269 2.0411255407566284
133 ap 0.32498232761390655 0.1923520853287984 0.1923520853287984 0.897477918914583 0.8016960691397365 6.883150569528633 2.524096576570243
133 robust 0.20375816993464052 0.14137484523155375 0.14485507719714139 0.870761853005808 0.8248313920513932 7.219644837709927 2.507451592873318
133 wt10g 0.09680082559339526 0.11551766073460851 0.14804281591941723 0.8297445143979584 0.776877278378368 6.811369967671808 2.4853865657048653
133 gov2 0.03742690058479532 0.12034184928107815 0.1471649751096451 0.8549808524471838 0.8733555165211484 6.9320635777052715 2.215286165527248
133 wikipedia 0.16277949776401787 0.1353910428576552 0.13297397347305767 0.8474298477009622 0.8945386416617976 6.920310621484431 2.089481712943225
134 ap 0.12383040935672514 0.07751139763364635 0.07751139763364635 0.9251828775800655 0.8116395453200438 6.745716248433568 2.490967228340176
134 robust 0.07140522875816993 0.08276837036779786 0.07360029493027138 0.8857987119210257 0.8149029099894475 7.032379615614792 2.3231273103293635
134 wt10g 0.035526315789473684 0.08692385900443089 0.08334991181877932 0.8641565752009371 0.7476331725489122 6.829466705949762 2.4899871452105513
134 gov2 0.01111111111111111 0.08233950342062829 0.08997982338736793 0.8632942938741112 0.8598132486556705 6.711832232621766 2.2873942074559115
134 wikipedia 0.010526315789473684 0.06036265696137587 0.05664395184597721 0.8704397549135611 0.8431582786610712 6.9438384549313215 2.279760797795904
135 ap 0.08187134502923976 0.12145894646466729 0.12145894646466729 0.9063761223786836 0.7694687580243124 7.14459046697848 2.5898460066537985
135 robust 0.09108187134502924 0.10449322579714232 0.10690120507710593 0.8774212692145409 0.7783161241582659 7.446904953159843 2.482633218803916
135 wt10g 0.005263157894736842 0.07278482712939285 0.10605959192544481 0.8377147777188247 0.6994251423300933 6.962990061455258 2.757477625201204
135 gov2 0.0 0.05695193175822209 0.0932590019911853 0.8261562474272613 0.773705804076509 6.855733862568959 2.5762143923307868
135 wikipedia 0.0 0.06231685234405927 0.07319170710678512 0.8698344891437522 0.7926464164291059 7.198179938272481 2.557200474001042
136 ap 0.1773563811489508 0.23533027817259122 0.23533027817259122 0.8983933305084809 0.7801837371819624 6.186671828921507 2.3799849269923876
136 robust 0.07690058479532164 0.16223080560585676 0.1949251254131394 0.8666204846867251 0.7305863597866675 6.431717514513611 2.4765384340671748
136 wt10g 0.03859649122807017 0.13803851376138684 0.10035353628573412 0.7898200577448927 0.7688612656261272 6.7716588361917935 2.125827814594646
136 gov2 0.005263157894736842 0.13115861727411465 0.11169198878291033 0.6551824617991218 0.5979729670178728 7.204761488196268 2.8343455270538516
136 wikipedia 0.10565875472996215 0.08567383759780929 0.1320894242272473 0.7874258111846472 0.7175778464528921 7.227321535730707 2.572056559883593
137 ap 0.13253722541648238 0.15864415673463142 0.15864415673463142 0.8874353450484562 0.7619144330859186 6.864013727404371 2.5343240749789806
137 robust 0.07412280701754385 0.11414049296140825 0.12246255726531607 0.8594399975174212 0.7266554234770569 7.132088457570413 2.4917782307306706
137 wt10g 0.021052631578947368 0.07884677714251505 0.09495364174766374 0.8126887204485251 0.6300006588611327 7.240880678546834 2.8247415010598305
137 gov2 0.0 0.07775891692196912 0.07612400145504977 0.7375781705419219 0.5839235790167809 7.942287456852723 3.121612890809672
137 wikipedia 0.03986928104575163 0.0963562958788384 0.10453347114670655 0.8411846710592493 0.8023913442097997 6.972655168743798 2.3577224131930112
138 ap 0.10801513587891297 0.18652649378943245 0.18652649378943245 0.9393681010915973 0.8458291111505725 5.920219785856741 2.0457828751360103
138 robust 0.10473856209150327 0.1550218882845607 0.14823338013398826 0.9052764819978868 0.8475263466851475 6.987694082563357 2.1951182033221666
138 wt10g 0.12376160990712075 0.104183946566346 0.06344381938297994 0.857711717235063 0.885580548333052 7.971873927471694 2.395942646741504
138 gov2 0.16066433566433566 0.0530481874391099 0.08753543545443941 0.8542426506836549 0.8923180815012494 8.6328471353633 2.3540363127614077
138 wikipedia 0.11468008255933952 0.10240136988988836 0.09652171010898852 0.8702146297071887 0.8625038189939787 7.41304012012912 2.121938184348025
139 ap 0.12052803577571379 0.18873109140591166 0.18873109140591166 0.9355797105370952 0.8397855252345207 6.129755369191621 2.2044310595524625
139 robust 0.0 0.09714073237733266 0.11758310887765992 0.8906182926838664 0.866725488477692 6.741219795168314 2.010198431069583
139 wt10g 0.09026487788097695 0.1335814736846347 0.13169136517115304 0.8712549501787323 0.8996396649579883 7.977907697192084 2.367275191289808
139 gov2 0.09362745098039216 0.19654881017394646 0.13978769853437287 0.8534198361134665 0.934084406957487 8.95945338802975 2.170754266872371
139 wikipedia 0.10663914688682491 0.13775883174040873 0.1353925497802356 0.8841552421690385 0.9221200165166383 7.240545660514202 1.8517790415988569
140 ap 0.10147918816649466 0.12223885811402448 0.12223885811402448 0.9283137507487041 0.8135334638853302 6.579658814834475 2.3582765564201504
140 robust 0.015789473684210527 0.07010816000766897 0.07751305139840613 0.899481883036895 0.8305286893289261 7.386925635772073 2.268937995558745
140 wt10g 0.03986928104575163 0.05948890178547293 0.06528352241189991 0.8809473924637945 0.8903470222194507 8.521666912331247 2.3152557056349865
140 gov2 0.010526315789473684 0.05940184703826388 0.05609791676527673 0.8723338568243385 0.88755031138061 9.52223837976796 2.2151982710773592
140 wikipedia 0.005263157894736842 0.059981915080053835 0.06548506878272783 0.8867857963924864 0.8869065356430614 7.7244751644725245 2.085252012488378
141 ap 0.11902304781561747 0.33238608345842374 0.33238608345842374 0.9042366072854021 0.8089120409221703 5.463243407019739 2.2732921086824693
141 robust 0.09922600619195046 0.18406946068882798 0.19308623782427695 0.8280433274909852 0.8313898728765076 5.5146807087422225 1.7539690394898246
141 wt10g 0.24956215954667965 0.20078813879574223 0.19449413612027888 0.81700676871615 0.9116674752486691 6.509715184436766 1.937523575874555
141 gov2 0.005263157894736842 0.1488595715049637 0.17064742474728575 0.812402185568099 0.9062906799457424 6.622010393076003 1.8723447015489008
141 wikipedia 0.27717086834733895 0.181485616377084 0.1594160324774088 0.8001819693834779 0.8808219713296048 6.517728097753408 1.8596508032231402
142 ap 0.05263157894736842 0.13771004968057976 0.13771004968057976 0.9078336682613729 0.7769633742761561 6.154346400746828 2.250405702314563
142 robust 0.010526315789473684 0.07131633798798495 0.10324791355187374 0.8644450927801101 0.7712289389418205 6.518998337462098 2.158761500535023
142 wt10g 0.010526315789473684 0.06695000150533441 0.07717922622076731 0.8268540015808944 0.7701902359973662 7.158641741849314 2.225546805855366
142 gov2 0.0 0.09907441074034719 0.09461995672257313 0.8378681306544438 0.8245426159786412 7.2169599523978585 2.201659788967149
142 wikipedia 0.05039559683522532 0.07449303584608236 0.07771230865981803 0.8415524008902601 0.8613393494278734 7.210630183048266 2.088920565378281
143 ap 0.06432748538011696 0.14949083610983416 0.14949083610983416 0.9042470466496615 0.7836943493840617 6.044668255971685 2.237930199518769
143 robust 0.015789473684210527 0.0864278397361575 0.09979195855701083 0.8511401254737156 0.7729450576783136 6.33044424030486 2.223704357366249
143 wt10g 0.03611111111111111 0.06025822576842761 0.06981451286609261 0.8276055374391121 0.801355062742501 7.168552003150549 2.216168801837883
143 gov2 0.0 0.05295162585226017 0.07631663413516411 0.8103105778258706 0.87151304797703 7.315274672712492 2.051058229651214
143 wikipedia 0.010526315789473684 0.04915022408081818 0.07458550211786326 0.8162112695099555 0.8418403006721665 7.15457559323498 2.1729626845455283
144 ap 0.1131750945992432 0.16155474903150935 0.16155474903150935 0.9217584623410611 0.802233346382752 5.932958138263388 2.203083601788999
144 robust 0.04055727554179567 0.08002924859344024 0.09017499582403708 0.8717924770231466 0.7535401164967384 6.274091684970667 2.2025410183440766
144 wt10g 0.04791021671826626 0.07480959955347298 0.07881522592638006 0.8486169276991636 0.7658605536476648 6.801758116082609 2.117572215682271
144 gov2 0.03333333333333333 0.07087277337708597 0.08920779685642363 0.8105273501716564 0.7636107121854852 6.964368766693457 2.174793258847343
144 wikipedia 0.03402132782937736 0.08109795150959392 0.09037923781130079 0.8409555903493839 0.8260500809279666 7.022583046104059 2.141537586273751
145 ap 0.16491228070175437 0.1489454302840241 0.1489454302840241 0.9192775722205931 0.8035352671792135 6.021400891817658 2.204048132121723
145 robust 0.07140522875816993 0.10925824511474193 0.11588848804989646 0.9000419352996518 0.8030136528263119 6.782731022434029 2.1716852668466586
145 wt10g 0.07058823529411765 0.052394227395204954 0.07152044528048987 0.87443778554296 0.7839506965984234 7.497797138867655 2.3751940197489705
145 gov2 0.005263157894736842 0.07985935190353458 0.09942221108824378 0.864781520538179 0.8806596333995645 8.069448903119149 2.1866548765828995
145 wikipedia 0.10039559683522532 0.14127637939408158 0.14128603113130705 0.8945142676176298 0.8707894444523474 7.12668052736676 1.9165288799931266
146 ap 0.0956312349501204 0.2009661293598037 0.2009661293598037 0.9424501368126624 0.8644714542995123 5.733455822471938 2.036313235683471
146 robust 0.07719298245614034 0.1429945496495509 0.1532945664161868 0.9128141911093255 0.8843234228535297 6.710715173162939 2.11358772680306
146 wt10g 0.0 0.050156019932417056 0.058029302240199344 0.8726762174278807 0.84844921833909 7.841427192568858 2.3421637784352143
146 gov2 0.06666666666666667 0.07566475883297263 0.060380898587692355 0.8535016852419512 0.8693292768892518 8.541643437596287 2.384445778859909
146 wikipedia 0.07856897144822841 0.06933798872307254 0.07263515499024079 0.872442646912661 0.9272055747380694 7.590381684953995 1.9663844940414155
147 ap 0.06432748538011696 0.18052172763296795 0.18052172763296795 0.9299576447688123 0.8047181041476175 5.502770387272413 2.1609919612614115
147 robust 0.015789473684210527 0.08444671438020629 0.09664802850022985 0.8907267714289452 0.8064951174204261 5.6455252195844965 2.0009796233558808
147 wt10g 0.005263157894736842 0.07343892578811163 0.11614854762102651 0.8459024228390526 0.8252301706453187 6.095712888725706 1.9518295482253596
147 gov2 0.005263157894736842 0.12829577736748365 0.14113408301864808 0.8057070141699257 0.8871522025837205 6.201593202511924 1.877573550724542
147 wikipedia 0.05380116959064327 0.07772528886386165 0.06738682769405732 0.8702130857665225 0.8700444001841638 6.479507060700473 1.8623276497922836
148 ap 0.06432748538011696 0.15010228199289674 0.15010228199289674 0.8938933661943933 0.7976433931862268 6.494830438082188 2.361650443785976
148 robust 0.010526315789473684 0.06419986150908277 0.09855906432399208 0.8690370983151912 0.763614933137131 7.096658138307251 2.4241309134214895
148 wt10g 0.038011695906432746 0.05950223900598241 0.06730506067107599 0.8463170491315019 0.7340018716665424 7.796647073121373 2.6079486207510096
148 gov2 0.0 0.04958073703728003 0.08267463013986368 0.8319396142506655 0.7852021679597678 8.39188220709582 2.661980971936805
148 wikipedia 0.005263157894736842 0.056060575543291885 0.07614506097722358 0.855649389218837 0.8784358805079502 7.226935963976178 2.150314871210739
149 ap 0.08187134502923976 0.15858243210764206 0.15858243210764206 0.8980000315194095 0.7500345309712311 6.148698846291717 2.37339737742554
149 robust 0.0 0.038872442854001696 0.12009848883937717 0.8528106729008083 0.7619582563950962 6.737917365812403 2.3765956930226544
149 wt10g 0.01637426900584795 0.06360195231270327 0.07319829418854354 0.81709230133684 0.7554738700048416 7.540350828348502 2.5239435491062427
149 gov2 0.0 0.05220165206493192 0.06996366413134832 0.8129879310375457 0.822669704600197 8.175835853150843 2.5632811122366355
149 wikipedia 0.022910216718266256 0.04822366902764256 0.08033880688372537 0.8226665442230735 0.8519274395873077 7.087391473859635 2.1210703570214666
150 ap 0.24489901223647353 0.22158969529191735 0.22158969529191735 0.9077703275233121 0.7875882228363587 5.537225355501368 2.0451402334751467
150 robust 0.08888888888888888 0.13925475475233295 0.14904802554152172 0.8672028770972856 0.8098627978419495 5.959541166020324 1.973852607667618
150 wt10g 0.16375988992088064 0.14662366687602266 0.13110211187263632 0.8574595718926845 0.8792851960636632 6.460342301283413 1.8298336357607188
150 gov2 0.015789473684210527 0.18004047494877654 0.1691794627334009 0.8507857953927931 0.9053907733517315 6.909336524911286 2.027597213071467
150 wikipedia 0.1772519534129441 0.12648490613306762 0.11321277473745747 0.8298233582248324 0.8675718495488283 6.583521761279742 1.829638929785765
151 ap 0.20436385080347927 0.22713572125428494 0.22713572125428494 0.8949844533077606 0.7565507767744883 6.3225760531196045 2.326861058644809
151 robust 0.03859649122807017 0.10978693030575398 0.15426742421197448 0.842911373564978 0.7879862442149539 6.947312426916436 2.2004669408487496
151 wt10g 0.03343653250773994 0.09967672162007703 0.11144262480069043 0.8243139055553291 0.7887803390331642 7.266545490238698 2.2132010772129576
151 gov2 0.021637426900584796 0.1203774571995238 0.15325819718703348 0.8175159859736446 0.8006230263352462 7.213173016791337 2.1980059226966437
151 wikipedia 0.010526315789473684 0.07052747190024905 0.1347737550672918 0.8080860863516595 0.8252175723740969 7.1463275280185625 2.184053039573039
152 ap 0.09494324045407637 0.13974536476299637 0.13974536476299637 0.9340487146246886 0.8136353704842268 6.039922205256051 2.1752091789821826
152 robust 0.005263157894736842 0.06813208012430284 0.10844538317473243 0.8788813676007643 0.7735723981625192 6.525607191505804 2.2866649043493847
152 wt10g 0.0 0.024884872033699688 0.07237722185714626 0.8507839588550034 0.7325537767996113 6.868392013527442 2.374414463831934
152 gov2 0.0 0.03943903042349546 0.09329996994754652 0.8488428458742422 0.7674887776225552 6.945266215952288 2.6462553992688918
152 wikipedia 0.04327485380116959 0.06178647214267542 0.05892550430019288 0.8691444246777662 0.8155922239012848 7.3118877178923425 2.201293775821464
153 ap 0.2084967320261438 0.26863619198940797 0.26863619198940797 0.9006545114693418 0.7841425654503305 5.812554415879152 2.2521243821137222
153 robust 0.19529583763329894 0.23438767791398296 0.20498767229312753 0.8249669638499242 0.7488652376567981 5.966558662378143 2.1463431888903783
153 wt10g 0.10565875472996215 0.23406547054942548 0.22713636457388117 0.8121755687106683 0.8476573869158781 6.0423722560771465 1.7469735022542066
153 gov2 0.05166838665290678 0.2592435739643357 0.2743080577681265 0.8230119539745104 0.8751901945472135 5.810690934839767 1.771107205561943
153 wikipedia 0.3127630539395245 0.2661509143874484 0.2214064639931106 0.7936363080107728 0.856991486315142 6.774784450986247 1.931737422641789
154 ap 0.20106147722246792 0.2771293276597292 0.2771293276597292 0.9117599298524796 0.8276182652691191 6.408628441855442 2.27621663382009
154 robust 0.13441692466460267 0.24097059526206305 0.22858698936777444 0.8751871940916313 0.8380175367485683 6.9223597458260215 2.1963289900050444
154 wt10g 0.07660818713450292 0.17775630872199752 0.17766504304453323 0.8593096448663627 0.8364772866520158 7.45111129955122 2.4082526000157447
154 gov2 0.10248538011695907 0.23597842164961286 0.2455217098461247 0.8558938213894474 0.870419028256399 7.267169400955283 2.0225364574047164
154 wikipedia 0.16833505331957344 0.21307092357000043 0.19710355739546653 0.8598740786376476 0.8601239639087578 7.603874637034498 2.2775693625362603
155 ap 0.08991228070175439 0.0931256556158604 0.0931256556158604 0.933502803326304 0.8121385648717961 6.614344808153125 2.367801337397307
155 robust 0.010526315789473684 0.03918137197139977 0.05051812443329846 0.8977613803645461 0.8300201103743134 7.399117557060654 2.26340830755896
155 wt10g 0.0 0.025585138815270306 0.03673211275572142 0.872422812417247 0.8400327729239732 8.270400777420441 2.313668746476273
155 gov2 0.010526315789473684 0.04765162682401454 0.04368381769085582 0.8547232650607461 0.8668894016345627 9.39045488989478 2.622931214484286
155 wikipedia 0.01111111111111111 0.03428311075460129 0.05170842671911606 0.8786464337060795 0.9006686354971167 7.611316495283892 2.0339450851123164
156 ap 0.05847953216374269 0.1301466842437325 0.1301466842437325 0.8993710021939144 0.8053253685529428 6.061024425967625 2.1707161690528394
156 robust 0.06359649122807018 0.12207169480065681 0.11183334663853363 0.8535969093027086 0.8029768254112967 6.6441750989996935 2.237320918550959
156 wt10g 0.06219470244238046 0.11437446626743837 0.09087658209704513 0.8139810582391178 0.7977841053900063 7.015250086396769 2.181139569460956
156 gov2 0.0 0.08646615178556386 0.11475681120411732 0.8131356082911328 0.7620383427633363 7.196218676462081 2.5374507909698436
156 wikipedia 0.021637426900584796 0.10079587261247315 0.09465576931013218 0.8272169001599337 0.8219889260068209 7.0863548993669045 2.139270892767866
157 ap 0.1285689714482284 0.09978448046903572 0.09978448046903572 0.8983449819087324 0.746746896341284 7.213295411759212 2.596644992509844
157 robust 0.11764705882352941 0.07120851948504464 0.06116515810790265 0.8405368119329829 0.7395715516739928 7.653620045386322 2.574566828680469
157 wt10g 0.021637426900584796 0.03212803986580261 0.08295949377776547 0.8156410941532548 0.7613510900932252 7.276264840859472 2.5660138992773764
157 gov2 0.005263157894736842 0.0551670862875191 0.08088073923676624 0.7892357130577089 0.7497746136189083 7.398276302897904 2.6383598871238214
157 wikipedia 0.01111111111111111 0.03893847191212867 0.0663001310014895 0.8123446163268527 0.7855793951333796 7.539831793638159 2.5516790352168335
158 ap 0.06432748538011696 0.1039960986550102 0.1039960986550102 0.9420584899171831 0.8430393302514774 5.965170563113671 2.139818976440915
158 robust 0.0 0.042302964992369095 0.09506030892718818 0.900466079922527 0.7926220242679185 6.481874188150098 2.226569506769926
158 wt10g 0.0 0.04422061805697311 0.05864533387795588 0.8636651615754835 0.8720683169814215 6.948970642338494 1.9094653257711538
158 gov2 0.0 0.05119031656484054 0.07013697350500414 0.8654974439979491 0.8113426468056626 7.210072742530833 2.4239566627534304
158 wikipedia 0.005263157894736842 0.06035405493356849 0.04797779570743564 0.8697837954727121 0.8475962389432791 7.0129808197037 2.0459315432921628
159 ap 0.07739938080495357 0.10803468558287282 0.10803468558287282 0.8721708220482604 0.6991777675912788 6.456993876548557 2.677771485600617
159 robust 0.03402132782937736 0.083007630211185 0.09776157779504314 0.8091701592579308 0.7157989755451687 6.6659015094905785 2.626274273663752
159 wt10g 0.05820433436532508 0.10176576567101878 0.12068984600669022 0.7593399439713951 0.6418675661752288 6.825503521101187 2.889575719307348
159 gov2 0.015789473684210527 0.10346910496799092 0.1032442572684011 0.7517286879792571 0.7221128884832781 7.037539207356337 2.548124439094706
159 wikipedia 0.0657673595754091 0.09817495450647218 0.09461964111497234 0.766023800223463 0.7305264004668237 6.727567653329868 2.647784853023362
160 ap 0.09425524595803234 0.07754876048779383 0.07754876048779383 0.9001525106017784 0.7397474916795673 7.060144732325819 2.5163470719567704
160 robust 0.005263157894736842 0.0242133114169762 0.059813998635356865 0.847761674596754 0.7765493632548721 7.289939559759465 2.2816437886105447
160 wt10g 0.0 0.07257446612795586 0.07861790997681735 0.8507495112071286 0.7810273826053905 6.9992050040228495 2.2702942790252365
160 gov2 0.0 0.07428770884300205 0.09238936466188222 0.7984112865710911 0.7777887576386937 7.232789950628771 2.469292045313092
160 wikipedia 0.028758169934640525 0.04584816029805298 0.06838760228863729 0.8418873924132133 0.8003321805152449 7.329695674995379 2.4271549151470984
161 ap 0.17990196078431372 0.23774284395399925 0.23774284395399925 0.9175411297176149 0.8114717977420426 6.59576253022464 2.2263677870472627
161 robust 0.19285591429554277 0.1484178365635403 0.1699236256303412 0.874228231075438 0.7776267892086337 7.10760266413252 2.2829066666823414
161 wt10g 0.21357314855766868 0.128254232380491 0.13028788388819393 0.8474540153871635 0.7976625445032722 7.243348010213074 2.2897441808122903
161 gov2 0.0 0.09678286627785496 0.1462022732866716 0.8115328845419648 0.7844020734886233 7.179090625888314 2.4446508411658208
161 wikipedia 0.14836601307189543 0.0832170320446515 0.10238357736790567 0.8402385386179879 0.7925623741492074 7.259446067153724 2.2775325827009727
162 ap 0.0956312349501204 0.11343639042534186 0.11343639042534186 0.8634861682670066 0.7162264087711104 6.910881782701559 2.642826502872163
162 robust 0.026900584795321637 0.05809906463499325 0.06827081477622611 0.8012995599959251 0.6912144560409405 7.2673168108704065 2.5508083063712914
162 wt10g 0.0 0.05024870113864173 0.05945602899945116 0.7344485370642516 0.6061657116575783 7.408543561550492 2.7805641323760732
162 gov2 0.0 0.07474107227420344 0.07551405621537464 0.7222942350681918 0.6718391395866058 7.710936931489171 2.8606738437387027
162 wikipedia 0.026900584795321637 0.05402970414285916 0.05390668724583032 0.7945627403565756 0.7762219102056912 7.684222101946712 2.475849201287316
163 ap 0.4909340659340659 0.34495101214415175 0.34495101214415175 0.940341496062056 0.8397930774645233 6.4659431033715995 2.3009213013143492
163 robust 0.5132783882783882 0.27327935311142043 0.25337408338939715 0.8912567107531195 0.7067379614113505 6.672127369652212 2.748383472308741
163 wt10g 0.3945970695970696 0.212850895166135 0.16269479261815806 0.8531129879614373 0.8448888593669471 6.908408395755051 2.1702124690832587
163 gov2 0.229656248464298 0.31575906908087126 0.30371949816788335 0.8634378048828694 0.8117503152786305 6.700620969848001 2.340054941614918
163 wikipedia 0.32240896358543414 0.17404441451203428 0.1633060654321929 0.8675955407717211 0.8083498017639728 7.158738289689067 2.272495737106632
164 ap 0.25841441839893853 0.31550260039970385 0.31550260039970385 0.9184206502691139 0.7940674947783041 6.818118401874344 2.593599483820196
164 robust 0.2196078431372549 0.24058904410102913 0.2435030148408773 0.8722559698079619 0.7687519807054147 6.941220219707812 2.522800951123408
164 wt10g 0.10663914688682491 0.13253119187818393 0.16136033849881848 0.8295997687481801 0.7628903270143361 7.073848181205821 2.254780465255237
164 gov2 0.03343653250773994 0.20761395906810903 0.22396714855164396 0.8464399033528921 0.8756453493722507 7.219930019619816 2.1608198614821887
164 wikipedia 0.2657673595754091 0.20643709512889183 0.1779814580413078 0.8369014399865373 0.8203667287996439 7.736633726944824 2.385271507778298
165 ap 0.11618507051943584 0.20155125113835903 0.20155125113835903 0.8974377347778341 0.7620158640980238 6.618645426305391 2.416024906522922
165 robust 0.11894073418841221 0.2049331357803082 0.2027268238790129 0.859730875274205 0.7609977867877306 7.0894620908629 2.35549886207081
165 wt10g 0.08251633986928104 0.21230201293495787 0.20517105550846748 0.8373827134108625 0.8102466939081882 7.1387583564157895 2.175404933165465
165 gov2 0.060233918128654966 0.2405062830015909 0.22506817769564888 0.8092134993718783 0.7956546871720473 7.673662527681857 2.2697377314472282
165 wikipedia 0.09941520467836257 0.19698039617720728 0.20322676282781924 0.8366363494625929 0.8187394389359398 7.5497168378119275 2.2473543801017213
166 ap 0.16098211214310285 0.20794356754461998 0.20794356754461998 0.8902785160233685 0.7535395486583789 6.524935870523484 2.402974981999816
166 robust 0.02631578947368421 0.08061228393812575 0.1506212130309676 0.7351654078998081 0.6786009230564058 6.7997436726578195 2.502561336878251
166 wt10g 0.03742690058479532 0.0974891214315688 0.1350093237110989 0.8269753223977736 0.7500161637996092 6.5632196742230065 2.2823218740004463
166 gov2 0.01111111111111111 0.10966713323185466 0.17881168445471365 0.8138605717302219 0.8001966789762949 6.7354383705245535 2.1450919043829497
166 wikipedia 0.027485380116959064 0.18066939197591708 0.17108569378691588 0.8333267187478576 0.8476005004452977 6.691372663437804 2.0340304143132832
167 ap 0.07671138630890953 0.12217827534247985 0.12217827534247985 0.885893534436139 0.736847568037658 6.809911072937816 2.566717216449807
167 robust 0.021637426900584796 0.09405009645171265 0.11806608201066443 0.8464139345401092 0.7338434879695497 7.12464248094304 2.469946972176275
167 wt10g 0.0 0.07822758091835702 0.12351996557058283 0.7992389569859898 0.7187435601397164 7.100517764105493 2.3653494323101825
167 gov2 0.05555555555555555 0.0832087209766197 0.07843077967821763 0.7659464374701472 0.732483138747835 7.643336322481494 2.8697843628568362
167 wikipedia 0.005263157894736842 0.04776098158036832 0.0846118715116953 0.8182145345807579 0.7651627534181642 7.1125520306048235 2.30584833526565
168 ap 0.22073811980932723 0.24671315076967726 0.24671315076967726 0.867705449699481 0.732390639258495 6.801992957460751 2.6693958455098636
168 robust 0.12121603027175783 0.17489430587592983 0.15216426568459843 0.7810466269382453 0.6664824239441233 7.384861955190132 2.6130913394885438
168 wt10g 0.17777777777777778 0.19994171735051902 0.18681572886454892 0.7458006939499912 0.6769235772127058 7.611657991474923 2.52051416318901
168 gov2 0.01111111111111111 0.19816522204229903 0.18564491283325837 0.7521442889323269 0.7916980905599244 7.660067148456036 2.360955613385746
168 wikipedia 0.010526315789473684 0.12201947571766103 0.14606599979037835 0.7458107093243235 0.7804109522785893 7.447428197498766 2.361368881643323
169 ap 0.19026487788097696 0.20570340453303626 0.20570340453303626 0.9103107981522376 0.7618271514179902 6.860834001072248 2.327262969882659
169 robust 0.11405228758169934 0.1466949947290005 0.13294349506653177 0.8762348634631894 0.7789662993891411 7.129681587520002 2.281039266135432
169 wt10g 0.026900584795321637 0.05526389792216224 0.10340972232903536 0.8403123715973987 0.7017674048430136 7.299991077377614 2.5321119678294273
169 gov2 0.0 0.08518706166407913 0.1234505103245588 0.8172682677995275 0.6748761933827604 7.461596749921766 2.5112249785807927
169 wikipedia 0.04396284829721362 0.07519744978610997 0.09116462845093018 0.8461654451333716 0.7768221527497838 7.598770470358639 2.5394531478547395
170 ap 0.21052631578947367 0.1310794357461811 0.1310794357461811 0.8934014910851482 0.7385923174348658 7.490653487984796 2.587566322795343
170 robust 0.1862801800882296 0.12707778090534344 0.1205949742786548 0.8490333879641155 0.7372861857332594 7.80873789751832 2.546019832282245
170 wt10g 0.1493107769423559 0.09963006987257679 0.1117870142404894 0.8176239165393341 0.6441500515247638 7.350680182966474 2.832129528513501
170 gov2 0.015789473684210527 0.12480510536772176 0.15540190262331266 0.8343500787092935 0.7801332781003959 7.767341745537869 2.619407509004871
170 wikipedia 0.18836996336996337 0.17442283282098592 0.14049075274044673 0.8188699907917902 0.7390326252128591 7.79177972128853 2.8965705039502545
171 ap 0.0890952872377021 0.22052371721759548 0.22052371721759548 0.8882974273177112 0.691364523739107 6.368266385726897 2.4891840399668768
171 robust 0.028758169934640525 0.19461096322947585 0.17917379199714267 0.7820280983605313 0.726103913286998 6.19546655244576 2.12622050143547
171 wt10g 0.04981080151358789 0.17927595167238197 0.1796077228348992 0.8240276520369623 0.7682425409565303 6.771481652898644 2.1198306430764426
171 gov2 0.021637426900584796 0.16284647141053343 0.16384923817026467 0.8236750779374752 0.8337546239035607 6.834697731756805 2.0449307570468673
171 wikipedia 0.060233918128654966 0.13653487843796844 0.14464608141265695 0.823883352316475 0.7849374911364064 7.339334841868432 2.3156736326926017
172 ap 0.12788097695218437 0.22325019739255272 0.22325019739255272 0.880889009041102 0.7464234004225294 6.736141270841408 2.4722972057425476
172 robust 0.042105263157894736 0.10594984024783607 0.16537432617646977 0.8299548308841584 0.724171517447584 7.220536491305028 2.497721943700445
172 wt10g 0.1043859649122807 0.1795108297790728 0.19190454587680555 0.800457653948618 0.7677465298814948 7.1150202264197695 2.318324772462566
172 gov2 0.022910216718266256 0.1898167669978935 0.2058137433748913 0.8119117711870999 0.8212243431454785 7.370301818258964 2.170708730518239
172 wikipedia 0.16584967320261437 0.23172691514098642 0.20648547635484465 0.8124507754267363 0.760305861757234 7.6257433597649396 2.896861321702684
173 ap 0.19454764361885105 0.29722793460774233 0.29722793460774233 0.8685079432775015 0.7328239006494827 6.617777075510516 2.448221764385309
173 robust 0.08660990712074304 0.21928946193057242 0.2272442032154577 0.8245138922841097 0.7492858353816685 7.1354550218624 2.3689741205625894
173 wt10g 0.05565875472996216 0.20396781719915513 0.18919233332226965 0.7818358619631669 0.7286769494646561 7.245881080262928 2.421488627442268
173 gov2 0.0327485380116959 0.2652012787329995 0.24983733710047118 0.7796920663968298 0.7606667776124746 7.555210210183882 2.2831967583152974
173 wikipedia 0.2762715612560814 0.3264062868486165 0.3091770086776817 0.7986593733649127 0.8368891501888286 7.519211049404112 2.204748754081028
174 ap 0.24620081500886454 0.2963040147768413 0.2963040147768413 0.9217077263834401 0.8029520697676454 6.768437822634957 2.457084111192005
174 robust 0.09981080151358789 0.14164182268643633 0.15528346389332837 0.8762954012264303 0.7942296362817385 6.796990433459534 2.2580881711868392
174 wt10g 0.11000171998624012 0.1534206034205919 0.1664175876547183 0.8623096719572914 0.8283141323721395 6.913301267027249 1.9988198855559633
174 gov2 0.01111111111111111 0.1679792557199369 0.20810399864520038 0.8472770003820121 0.8057512982221117 6.467147439384605 1.9852573550870796
174 wikipedia 0.21405228758169934 0.16338129168942 0.13481535927321123 0.8426227900365912 0.8152333447705837 7.725039630702332 2.5015520287276574
175 ap 0.3652612867009152 0.23786471477366505 0.23786471477366505 0.9378520543974506 0.8231946384020424 6.709373877242939 2.208522552984005
175 robust 0.4048265460030166 0.2111550516602482 0.1700439425773685 0.8917095758117719 0.8518139179777977 7.380580529920653 2.0996119008583216
175 wt10g 0.28550420168067225 0.20275790737295515 0.15135679257782 0.8653001203676124 0.7987261603723795 7.425544782518274 2.2576035951131708
175 gov2 0.07729618163054695 0.16000426764208725 0.10452172445119648 0.8348701931788993 0.8074288196975333 7.940377055206209 2.430841459389787
175 wikipedia 0.25291783380018673 0.1976483456080692 0.14852163789338851 0.8623859476841883 0.8409576502981433 7.672758782034621 2.196597142862998
176 ap 0.08978328173374613 0.08733816637587616 0.08733816637587616 0.9008207278732414 0.7366635819503633 6.7473048613333795 2.5026099028494047
176 robust 0.0 0.019780397380693017 0.050826338387285286 0.8584017388116496 0.6748369640022314 7.38330281152477 2.6433646218764073
176 wt10g 0.010526315789473684 0.046645815122769246 0.04822843639766669 0.7831924456589329 0.51512107200307 7.470740460513792 3.1722566558415846
176 gov2 0.0 0.03169998430753977 0.03795987301105609 0.7226941192604736 0.512563691594469 7.789539042108112 3.455088086724293
176 wikipedia 0.01111111111111111 0.022641612674840002 0.0337225446503484 0.8302436804183927 0.6489806489012294 7.485971501423285 3.1690055857469104
177 ap 0.33719593100398054 0.25024916819880627 0.25024916819880627 0.9254361944050862 0.785252356163245 6.434699312848531 2.341269083265302
177 robust 0.12248882008943929 0.12935524365234982 0.1279813104211716 0.8644710635316051 0.6748912852669329 6.586001075143314 2.491951617215599
177 wt10g 0.12029583763329893 0.22086889434405552 0.2122022895688706 0.855574304558262 0.7518117440881936 6.80548397325771 2.4621722186195285
177 gov2 0.22665194282841342 0.24356901101803 0.23453796243401034 0.8626456316151278 0.7736598068577699 7.080125796623081 2.4386565069906405
177 wikipedia 0.16129539535112292 0.18448069038271084 0.16860372280691843 0.8762862822049352 0.8123977196873424 6.562150887448153 2.174435431717382
178 ap 0.1602941176470588 0.10553280189501921 0.10553280189501921 0.8956944878297137 0.6927703587474829 6.9935805485847915 2.655121408177692
178 robust 0.09385964912280702 0.10753843144444045 0.07511262970842739 0.8391362279658072 0.7075036533590433 7.383263943792899 2.6943861994531053
178 wt10g 0.021637426900584796 0.054726368441939864 0.08627381705314724 0.8088140744008461 0.6667740517694335 7.425068971567081 2.702805975591495
178 gov2 0.02222222222222222 0.09984588444437933 0.07192818615111178 0.7837654937187057 0.6309898378093698 8.101386524169186 3.08207423942606
178 wikipedia 0.010526315789473684 0.052792660259902466 0.07918673290638063 0.8264823400857512 0.7710994911683522 7.273838097883567 2.4669865688925183
179 ap 0.17076023391812864 0.18720447425921985 0.18720447425921985 0.8062514357657332 0.7085514742397656 6.190276080663708 2.5790128968036727
179 robust 0.005263157894736842 0.04203003569080705 0.0535325745246578 0.7314034404398264 0.6610674465533469 6.424064643097219 2.4633938356897382
179 wt10g 0.0 0.039365477742313 0.07344185587681638 0.7324748861293667 0.799035205089726 6.662639378757884 2.197797179888396
179 gov2 0.01637426900584795 0.11006320505563083 0.12139936558213238 0.6755124054929939 0.6853996460616485 7.049331488366332 2.5965871725168235
179 wikipedia 0.0 0.0375733180422415 0.08689528930877893 0.7342429907996328 0.7757721181944356 6.753733923312777 2.2974967261660124
180 ap 0.3589695392326971 0.38132492159219533 0.38132492159219533 0.9235914644354936 0.8085434687527651 5.963792256948131 2.334374299498544
180 robust 0.05906432748538011 0.21868723244300048 0.2766731274104514 0.87322774289097 0.7894154712653306 6.215392574248773 2.179714146762028
180 wt10g 0.0 0.03135138551658476 0.3238496264024974 0.8368966312684336 0.7460557857015194 7.041654189557379 2.4648196571349366
180 gov2 0.0 0.0534495506196131 0.2312172280600086 0.8224901734283933 0.8776621352397532 7.5665920508359426 2.2906886712279744
180 wikipedia 0.0 0.049669976451084695 0.20726493846869676 0.8436258816855889 0.893111718539667 6.605613604453459 1.883910863484479
181 ap 0.06432748538011696 0.10268861440714233 0.10268861440714233 0.8932580789115339 0.7550157468784117 6.457737762738447 2.431462070924806
181 robust 0.0 0.021227442175226256 0.06927101820545621 0.8450515858148252 0.7074392210263613 7.01756634380106 2.485057302509244
181 wt10g 0.005263157894736842 0.048279035618789864 0.09819046701483106 0.8049377332735891 0.6405243618835706 6.906385839848106 2.5478562231718427
181 gov2 0.0 0.041170196595305644 0.0850950878326598 0.8038210431680243 0.7536703572000253 7.277736819930296 2.598256721082286
181 wikipedia 0.005263157894736842 0.030431996224916536 0.07809414665020784 0.8478618080956577 0.803169595823055 6.866223435927342 2.238568118149526
182 ap 0.12422600619195047 0.139045666684731 0.139045666684731 0.8974694295456567 0.7842157483145302 7.005124272557211 2.5860176946099176
182 robust 0.030263157894736843 0.11529433997013526 0.11839419942219627 0.8246076682011689 0.6581947560272017 7.2688947759905105 2.7834649563999254
182 wt10g 0.026900584795321637 0.11802589473673333 0.0954165083658566 0.8242782585299502 0.7357257961325377 7.6337652865612675 2.7620476483725493
182 gov2 0.030263157894736843 0.10382383508626326 0.08857972701918916 0.7764778608946874 0.7569140043755669 7.594928198354923 2.7347199560126714
182 wikipedia 0.022910216718266256 0.11924583258478567 0.11076638803539379 0.83344937718826 0.7609588834794333 7.431130370493291 2.562500754635697
183 ap 0.21682883679787704 0.26323577186969915 0.26323577186969915 0.8671580289998598 0.736456305656946 6.752230986512051 2.6192600624495235
183 robust 0.1841847265221878 0.19998099679835243 0.19611222059011835 0.8212810831853525 0.7262853777309295 7.078986010615926 2.5432745296112844
183 wt10g 0.027485380116959064 0.0764986940843352 0.07246835325881869 0.7760757161852145 0.7330342381298334 7.5723121175232935 2.4716996084579868
183 gov2 0.01637426900584795 0.08638480039675034 0.10402506506731865 0.7820021095209834 0.7895105229341813 7.277399421997522 2.3000053962534732
183 wikipedia 0.17434640522875816 0.1783298642641633 0.1481455851994505 0.7907701564572698 0.8064505817749263 7.8830322079078305 2.3328640349263425
184 ap 0.21743574622831588 0.21974381872948595 0.21974381872948595 0.9012952600224736 0.804306567450978 6.21334856786855 2.2657765170123803
184 robust 0.05380116959064327 0.1321811270014978 0.16836509913760456 0.8653797372824722 0.7775045738543089 6.203005588572794 2.2249386704533265
184 wt10g 0.028173374613003097 0.1355427547371049 0.11117649444359128 0.7996219302372037 0.7616117108775674 6.78659508445983 2.2159723168151126
184 gov2 0.005263157894736842 0.1327315837718085 0.14965223348083995 0.826265022804538 0.8572316960000179 6.485541350714695 1.9923762198793038
184 wikipedia 0.1812435500515996 0.16042366286395598 0.13817458825219117 0.8321191724161344 0.8214317279002318 7.278627157897915 2.268491981021768
185 ap 0.24231364610621575 0.22720759367989052 0.22720759367989052 0.903518200655746 0.8174130426825233 5.7837834916077115 1.9887554438842998
185 robust 0.015789473684210527 0.08108502773408745 0.129430350476554 0.8512301679763102 0.7773939927374762 6.129447281919806 2.0317927002971703
185 wt10g 0.17343358395989975 0.20468596507776904 0.185213012595844 0.8274488471853902 0.8926055100316888 6.37042367516999 1.8691168008624799
185 gov2 0.005263157894736842 0.09824261967534066 0.12754427634216645 0.819355388668946 0.85420080992533 6.695780341119134 1.9926088060843776
185 wikipedia 0.15820433436532508 0.11325536683952751 0.095779660715826 0.8134217862378709 0.8622199415920604 6.718291252371338 1.8596542556214561
186 ap 0.0956312349501204 0.2757379660484124 0.2757379660484124 0.8725430307283124 0.7056957190696554 5.792837787285699 2.45681905290565
186 robust 0.050980392156862744 0.22909092052394356 0.20118489747244986 0.8187307173285898 0.7732343659508473 6.1753246298476085 2.0929287492129443
186 wt10g 0.0 0.2464398204157194 0.24209018893799442 0.7530326149377117 0.7237323401310448 5.991571251311588 2.377161737891166
186 gov2 0.005263157894736842 0.24623089164174164 0.22301089061702595 0.730449956805196 0.8013203060882494 6.264806171324588 2.2278520159903517
186 wikipedia 0.005263157894736842 0.20253820140493875 0.18811097638142152 0.7828991647572152 0.8098939925263875 6.0984338207449635 2.0135860011354407
187 ap 0.06432748538011696 0.09778580136638866 0.09778580136638866 0.9035243613491292 0.7453503336328106 6.546451715473305 2.4414776642333034
187 robust 0.010526315789473684 0.05289320218773954 0.06364690758548443 0.8617484767915999 0.7601163295266719 6.907232895570208 2.366406382889669
187 wt10g 0.0 0.03236875245142102 0.09555090119860186 0.7564697875655121 0.6437064601218967 7.16855475373883 2.832584339500576
187 gov2 0.0 0.07433039832183913 0.07385281120807426 0.7583916546905131 0.6075824688233307 7.708600704711017 3.2149756498365756
187 wikipedia 0.0 0.03378558422403033 0.057883479452638276 0.841165328082442 0.8002316330359801 7.1171138858403715 2.3775314367976343
188 ap 0.14425524595803232 0.12931292967034505 0.12931292967034505 0.8912443128475381 0.7780589741680135 6.373414495565692 2.3591224228077325
188 robust 0.03859649122807017 0.0713702944450452 0.07915992546787805 0.854878778603778 0.7289518394580754 6.851579168001345 2.626433086532727
188 wt10g 0.059021327829377364 0.0336156854203659 0.06780381178078043 0.8147804795924583 0.7113727210653906 6.93134289485565 2.6821459669331618
188 gov2 0.005263157894736842 0.06383346904232091 0.07909705783295089 0.8218083753504166 0.7955899796548697 6.980245955955133 2.4534271520458817
188 wikipedia 0.03343653250773994 0.06186101243098367 0.09402126492878465 0.8283359181766072 0.8648176196727158 6.681861507506357 2.17569229524262
189 ap 0.05263157894736842 0.09110795445888234 0.09110795445888234 0.9139224775935233 0.7768929880800621 6.89326478700238 2.432552096398852
189 robust 0.0 0.03779529484337382 0.05426588150931566 0.8648253678536129 0.7225502766578448 7.878423873358181 2.656432388741491
189 wt10g 0.0 0.042480067836582765 0.05616347365101726 0.8025017946681693 0.6287862114749155 8.321463352942256 2.816368349923336
189 gov2 0.0 0.05126870644758519 0.05368362706147152 0.773777625622995 0.6920623508832787 9.109528563181817 2.786040803592198
189 wikipedia 0.0 0.04345627087076519 0.053991759731571665 0.851836973156077 0.7662628401530736 7.948610424098187 2.4241474437003405
190 ap 0.06432748538011696 0.10466550192485746 0.10466550192485746 0.9209724577885531 0.7840662893858114 6.374131454065329 2.355817475003702
190 robust 0.0 0.018558413268767966 0.08721394782720264 0.8847076784580725 0.7749398817452029 6.792022843043042 2.351576123442182
190 wt10g 0.01764705882352941 0.05737447636391309 0.07548288502983427 0.85059993671472 0.7507668285387024 6.999050468129373 2.228326295697258
190 gov2 0.005263157894736842 0.05093867690886743 0.06857292767152864 0.855306817726525 0.7900426795330712 7.1265926566621705 2.292334908363761
190 wikipedia 0.005263157894736842 0.04752102447263292 0.06464364498392629 0.8597230268061878 0.7942841177529025 7.570113371521648 2.401219877323855
191 ap 0.06432748538011696 0.11233319748894041 0.11233319748894041 0.9080155766218087 0.7731160787465613 5.764045111686392 2.1519486360384588
191 robust 0.005263157894736842 0.07937361713356045 0.09459624658605074 0.8836298950772081 0.79614897441777 6.0093433898005415 1.9531090235611017
191 wt10g 0.0 0.11022232396661244 0.13283007571516456 0.8233895425419687 0.7849723172507737 5.92970555303128 1.9694126789590474
191 gov2 0.0 0.060896043350348955 0.12035958535087841 0.861642017969223 0.8872557574557136 6.212599948762427 1.7927733178729712
191 wikipedia 0.005263157894736842 0.08733584154016699 0.1221743142050428 0.8721639201220459 0.8189326578877313 6.149822551312431 2.0608628862087977
192 ap 0.12967836257309942 0.24813408358406108 0.24813408358406108 0.9505731198903415 0.8638214183929939 6.164403493665065 2.148184700120004
192 robust 0.11526487788097695 0.20931756694132342 0.22560819496570472 0.9208494261811593 0.8399530841099869 6.871420738564055 2.233813354670442
192 wt10g 0.3555378831694621 0.17624656604496083 0.15207718862518824 0.8939016987395154 0.8483140822741277 7.43211506287729 2.3534171391172563
192 gov2 0.010526315789473684 0.1761572405801555 0.18585263772320804 0.8711333656904843 0.7891739161675473 7.216072109109625 2.340676680683107
192 wikipedia 0.17892156862745098 0.18682883228802763 0.16086756369763303 0.8859531674538774 0.873408304712702 7.697421715269866 2.1691539843232097
193 ap 0.4711269123033829 0.34463989858665983 0.34463989858665983 0.8259701984455199 0.7630803118219657 6.831237530921039 2.696098104673098
193 robust 0.09425524595803234 0.17196405822286454 0.2136161838278739 0.7511625788069635 0.6711416159320168 7.072495991877195 2.7813659526802694
193 wt10g 0.12029583763329893 0.2777821417729926 0.2930875782939258 0.6898156260248463 0.6749265056971417 6.912946035099325 2.7837693802645824
193 gov2 0.1290247678018576 0.3199270626817299 0.2763922292372132 0.720637193944209 0.6480462731587162 7.418521769855338 3.1156056467611304
193 wikipedia 0.07134502923976607 0.11559465119447465 0.1869441878207887 0.7305901878028532 0.733927616272555 7.278876760488592 2.444762989805547
194 ap 0.05847953216374269 0.1379565390986822 0.1379565390986822 0.9053575996296352 0.7770461346357346 5.805683153148266 2.232400412512611
194 robust 0.0 0.028422144691572348 0.09142762702114947 0.8760133165627891 0.7488147065272579 5.934816886610224 2.2030434205433913
194 wt10g 0.0 0.05150209368624567 0.11453612479879825 0.8272037535202554 0.7773521552746735 6.274983556645644 2.1074315894020903
194 gov2 0.005263157894736842 0.03161127664883243 0.08261796736718123 0.8540257292506894 0.8067051113575237 6.655418006250356 2.1426860979971147
194 wikipedia 0.0 0.02228723249711243 0.062186316026588306 0.8583783785382256 0.8062789875293238 6.543191858402433 2.1751188348990578
195 ap 0.08840729274165807 0.26213295258459973 0.26213295258459973 0.9089547383683254 0.8212223203055995 5.524691810577471 2.2421914551183892
195 robust 0.0 0.2309661570760813 0.1972917750139354 0.8529470465342559 0.8372822730691333 5.642487926262964 2.0254987449801227
195 wt10g 0.005263157894736842 0.20585680619509755 0.22606627585727027 0.782664518612941 0.7008633996241121 6.3077655598136255 2.4875506556917126
195 gov2 0.005263157894736842 0.11607204301358809 0.13830566599378238 0.8098764634970748 0.8290596512798936 6.734582409600101 2.1739980418548415
195 wikipedia 0.04327485380116959 0.18293443418581473 0.1697965604043104 0.8188930715380783 0.8538217975289557 6.853505264028353 2.1054614096431443
196 ap 0.07017543859649122 0.17592001991816195 0.17592001991816195 0.9220191617710158 0.7897034672386705 6.133914639810939 2.2123404496299086
196 robust 0.015789473684210527 0.15496672456001154 0.16112764104258281 0.8807329264620504 0.7693254829223237 6.4111831169495055 2.23444705858131
196 wt10g 0.015789473684210527 0.16299794503839318 0.1699325266386915 0.8428047452462588 0.81237903590406 6.432824476791321 2.0069493390053763
196 gov2 0.010526315789473684 0.19061082104475885 0.19299671692720943 0.8344142513968904 0.7785420106861092 6.518342001965871 2.1194792419341155
196 wikipedia 0.021052631578947368 0.14458603728976233 0.16631796031775592 0.8430512098115029 0.84601788913302 6.5737006969397225 2.0564843395712877
197 ap 0.05263157894736842 0.08487528620214109 0.08487528620214109 0.9266054434342227 0.815525131186057 6.145891443796524 2.2950405755800727
197 robust 0.005263157894736842 0.039101815872229044 0.05873488590982267 0.8793753176266342 0.7923068130100644 6.484971168104325 2.2118046982601394
197 wt10g 0.04285714285714286 0.04366965064625665 0.05020757356438124 0.8501431657595216 0.7941833582766805 6.956558475742357 2.2912012646847146
197 gov2 0.005263157894736842 0.059048915503651725 0.06401008607267686 0.8164411642726148 0.8486794670185246 7.3602340231203724 2.17220687670996
197 wikipedia 0.005263157894736842 0.04266821775844393 0.05399393263347137 0.8543413282205572 0.85593349151446 6.930697306858846 2.1321859686947118
198 ap 0.3509286035601825 0.23598575737785912 0.23598575737785912 0.9259509712689618 0.8174970126014343 7.439943857534935 2.6201984013675697
198 robust 0.12130401418327115 0.18879017562424308 0.2027140845900786 0.8906981350493791 0.7839121700951247 7.927849970901002 2.733919678773628
198 wt10g 0.05716374269005848 0.1121563258708012 0.14560976886821048 0.8241455407541662 0.8080648761876111 7.20679605128043 2.4186543259704214
198 gov2 0.0 0.09925901410825368 0.1689259172216224 0.8524681086548669 0.8531387071254173 7.223905222754693 2.368271020879807
198 wikipedia 0.05321637426900584 0.1546970567782006 0.18353472072810656 0.8477768836190656 0.8119620106851555 7.528991290430187 2.7625673828750097
199 ap 0.09494324045407637 0.10508301591435225 0.10508301591435225 0.8811425779192532 0.7491423335879857 6.769632817316539 2.387086889840183
199 robust 0.010526315789473684 0.04530097473446278 0.057469791060280995 0.8181836561551907 0.7184219737850833 7.416513861492388 2.5777141063695965
199 wt10g 0.005263157894736842 0.07003835480161452 0.0713363089818607 0.7923120014211138 0.7118634433903995 7.698213594672948 2.4839180074189233
199 gov2 0.03333333333333333 0.10811872913269417 0.08102187549979367 0.7681432827713036 0.8253848803549781 8.130539734616923 2.1854958597389045
199 wikipedia 0.01637426900584795 0.08342514237554512 0.08950893489712905 0.812588585322413 0.8096644477667023 7.61279189239618 2.298003376670132
200 ap 0.34216791979949873 0.26134139583769445 0.26134139583769445 0.9151925104787386 0.8453669604327965 6.10303561808855 2.1673446790093163
200 robust 0.073890608875129 0.12878133927353197 0.1634838782491252 0.8646249814944306 0.7709652428251715 6.407947827558304 2.378603141511079
200 wt10g 0.06608187134502924 0.1112543029131812 0.1274488362081873 0.8153024031378188 0.6943042151487266 6.834907977410345 2.6528219212044437
200 gov2 0.015789473684210527 0.13306012888991317 0.10926822275780589 0.8506965660246413 0.8550011282120413 7.1935269203005126 2.216455705389246
200 wikipedia 0.10196078431372549 0.08638173912079365 0.07264076958381872 0.8274574449289149 0.8299850978018254 7.3059005502246475 2.1814824436420635
