451 ap 0.05384615384615384 0.02454685677214789 0.14423128963446388 0.6444982391254891 0.6778792901904225 8.970656098563685 2.7194555870838175
451 robust 0.028758169934640525 0.02294464676347044 0.13336057240307259 0.6541176095100772 0.7150264714531056 9.144970144082103 2.631767804085686
451 wt10g 0.41243086978381094 0.38048411800334125 0.38048411800334125 0.7735147383254489 0.5391180098167454 8.019960564366967 3.7353230545983904
451 gov2 0.03859649122807017 0.07443776402416438 0.19396442404515551 0.6629098989800428 0.5671328325361251 9.23787364652469 3.544688867600281
451 wikipedia 0.09304265565875473 0.21075443851558887 0.1819336702322483 0.663318623043232 0.7635073562745531 8.239444825194957 2.8479147531776965
452 ap 0.10196078431372549 0.0784058122963371 0.06909389913481383 0.8137751157313522 0.6969023117523895 7.625851592009097 2.6334379054662214
452 robust 0.021052631578947368 0.054426075915640824 0.05236523664972142 0.7982310187060844 0.7098410590956756 7.71111807946401 2.614658434844728
452 wt10g 0.10043859649122806 0.057022198744286705 0.057022198744286705 0.8615324100802736 0.7703189067849673 7.500735063560759 2.4866075827160063
452 gov2 0.005263157894736842 0.08013882009982945 0.08857245190841108 0.8276015944264011 0.7234221677128017 7.63811767445848 2.632402733924348
452 wikipedia 0.03928448572411421 0.05135491003170452 0.07112077965067534 0.8612621194219533 0.8238543770032469 7.397903883940864 2.3507414582429607
453 ap 0.08581871345029239 0.11847095219917511 0.15449897251943803 0.7104474121817652 0.7285788259569541 6.967560372336882 2.3699767478298686
453 robust 0.16854513735318688 0.1097390452040432 0.10993532786643269 0.7176258529486874 0.7109674935004765 6.980637125031833 2.3740020315624246
453 wt10g 0.1797442323758113 0.147888730201732 0.147888730201732 0.8150036465064442 0.6826700488074534 6.558325515962802 2.744493804652929
453 gov2 0.010526315789473684 0.17623428758276763 0.15757440241308235 0.7342950762386874 0.7295196403714514 7.064034560968013 2.618950535461681
453 wikipedia 0.11526487788097695 0.1736247940677336 0.1669655463347268 0.7472815176966852 0.7561926506204976 7.0434037716056626 2.4275115648870345
454 ap 0.16038210155857213 0.10112349515243751 0.1158727086956451 0.6772622362814574 0.690464708140843 7.473703849586621 2.690073051272928
454 robust 0.10835421888053466 0.09724276000826763 0.10802808433258416 0.6875517363456133 0.6441141571699508 7.750041349721048 3.0215603393825505
454 wt10g 0.12301341589267285 0.16031432923590352 0.16031432923590352 0.7530081679411161 0.5816835828547854 6.895007814191889 3.296075753533142
454 gov2 0.09452552951004964 0.23014930997391486 0.23523392316052535 0.7678672325651064 0.7484050328265479 6.958849669698469 3.020757828379389
454 wikipedia 0.1531512605042017 0.17742251211801555 0.15821235530564853 0.7360853506032252 0.7400873798974872 7.439037991791295 2.951178525756924
455 ap 0.11248710010319918 0.0912570444788719 0.06809529838169617 0.8178966610010744 0.6451601958203974 7.364809492781172 2.834498230987246
455 robust 0.326255117431588 0.14991406625099019 0.13373573972426364 0.8656365307896137 0.8005656045536268 7.373860192129334 2.2086123174308523
455 wt10g 0.26000739027054814 0.12177297668893497 0.12177297668893497 0.8542039262621368 0.8133781535304782 7.27220656350954 2.525423453021567
455 gov2 0.18251633986928104 0.20826189577593404 0.16330129331509957 0.8166246859187403 0.7802424797482549 8.233735394385967 3.1811316150460995
455 wikipedia 0.16375988992088064 0.17948078895109576 0.1296442551307247 0.8452724582323371 0.8208084086805361 6.921980858278118 2.0624709080136334
456 ap 0.010526315789473684 0.04767691790089333 0.05746436867427173 0.7859383912085225 0.7094418187152872 7.063402747587413 2.5142828503315124
456 robust 0.0 0.046865055520524904 0.06872200978150203 0.8121342433551233 0.7259432934837197 6.718987700172714 2.484537455387992
456 wt10g 0.08840729274165807 0.17783318974092355 0.17783318974092355 0.8976179520888776 0.6990801274090871 6.095127754865495 2.5054489752621762
456 gov2 0.0 0.07634951921112942 0.12320752771560074 0.8426950681480746 0.8177735039612101 6.315349646735904 2.214279917523381
456 wikipedia 0.0 0.06562302231482396 0.09911873557574316 0.7681421703844049 0.6846683494091834 6.664749692527133 2.7840182093115713
457 ap 0.028173374613003097 0.24682043052817057 0.16399092961534498 0.3265597742156997 0.4705362285394792 9.021369462144495 3.738235239394809
457 robust 0.005263157894736842 0.1817728102249939 0.0942898028973599 0.2929529775375229 0.43356372067094084 9.292273105644261 3.539091223573013
457 wt10g 0.09362745098039216 0.6278590875871285 0.6278590875871285 0.915631685465973 0.7954005586350124 8.840404408594265 5.805919854938389
457 gov2 0.0 0.12421137981050262 0.18846338464051673 0.31684303899201366 0.2759586833115672 10.567096730369007 5.860615820765854
457 wikipedia 0.015789473684210527 0.06681986457859597 0.06579564808523176 0.2663270076106835 0.684867901436356 9.09058940310298 2.6782829116300233
458 ap 0.36038961038961037 0.11061620713626015 0.05718918648863686 0.7481942423077628 0.664814736693978 8.193562863382532 2.7760180926012596
458 robust 0.3265298427063133 0.060414468917574654 0.04733224739542578 0.7687477860503868 0.7063036050473501 8.20407952957217 2.6979588867566844
458 wt10g 0.3103174603174603 0.22787198387582194 0.22787198387582194 0.8942206014309714 0.7687091742099895 7.435638157194463 2.4309774689549117
458 gov2 0.05923141186299081 0.16318570204550636 0.05958554379342196 0.7546546960776982 0.6188405720998215 8.034868823293097 3.0379119295092116
458 wikipedia 0.3538461538461538 0.174830709497183 0.1484266408605284 0.8211613414336423 0.7379528211867991 7.911085326021769 2.709806139736115
459 ap 0.13441692466460267 0.08598752099833216 0.07449323014503478 0.8530945126973226 0.7417494900293078 7.0867741483494555 2.2763088955892425
459 robust 0.11608187134502923 0.12569887817214181 0.10131249130963954 0.8984183817876522 0.790079872020926 6.475716515143517 2.13007596044113
459 wt10g 0.18794289645682835 0.14967492348665168 0.14967492348665168 0.9312668072486593 0.8741660716333806 6.802247433181476 2.098492262608063
459 gov2 0.01764705882352941 0.10508319948713138 0.11919837789710785 0.9140389071324724 0.873352466076894 6.565386741370195 1.9233757117476697
459 wikipedia 0.16171679197994987 0.13550104331531962 0.11233095588994865 0.8834563040626734 0.8399677211236306 7.707604940429819 2.351604516818663
460 ap 0.04269005847953216 0.05282124990428488 0.08022638843224504 0.8900413616516449 0.7879094525865352 8.35051004427887 2.547540328654175
460 robust 0.04853801169590643 0.026171983754916125 0.048465564345110866 0.8886048416926595 0.7600559130302247 8.64517738960335 2.549450429036493
460 wt10g 0.12775197798417612 0.12699020388779034 0.12699020388779034 0.9355969639723903 0.88735137116098 7.504464342420145 2.3951909915672536
460 gov2 0.0 0.012323906919023391 0.033795868899572666 0.882578591801711 0.7073702191448958 9.500378829489936 3.1658562582547525
460 wikipedia 0.04454764361885105 0.08512032906359748 0.11115224047428145 0.902024708602437 0.9212299014909301 7.7996645726325085 2.032929066888627
461 ap 0.09007936507936508 0.041508859234484025 0.02795388449580136 0.5241372123745198 0.6125003957451649 8.787062096085526 3.3827657624569194
461 robust 0.053758169934640526 0.02208416118225104 0.03621505910162033 0.5783709661593082 0.6467656591024484 8.464517864520058 3.197750666468592
461 wt10g 0.17431399010346377 0.08290537183947234 0.08290537183947234 0.7195859003297599 0.6064025146656812 6.649631411008911 3.3270800162452487
461 gov2 0.005263157894736842 0.10192747979123368 0.06547577936007377 0.5614370389727006 0.5562613771769694 7.2869239911873 3.907903436434148
461 wikipedia 0.08995726495726496 0.02944495852217786 0.04119146944756024 0.5999625132938589 0.6060426060457859 7.547447512888779 3.667366287496495
462 ap 0.1611111111111111 0.4257684151627389 0.35282754083766427 0.6203418077840126 0.5221631929785091 7.361766980045926 3.0562105768887755
462 robust 0.07017543859649122 0.19163393049188762 0.20889857460908395 0.573467254896118 0.7183649707597459 6.940857196187402 2.2384571161348172
462 wt10g 0.18140694874441005 0.6036032898713786 0.6036032898713786 0.8755295580747773 0.6982280691340192 5.819678396529607 3.1152202524795043
462 gov2 0.0 0.3743711806914941 0.43025707730793006 0.6382400163967855 0.4419618470578097 6.2117520262190125 3.8684147549471097
462 wikipedia 0.06873065015479876 0.22562184456601173 0.25486685181740065 0.6365841492953309 0.7120100621815778 6.944693417076386 2.6850539309054438
463 ap 0.0 0.0 0.13209527211008615 0.5483224950928156 0.5624055996328775 7.9148502749734755 3.9133471997903477
463 robust 0.0 0.0 0.17979707878683718 0.5780771139553897 0.52723573468189 7.169422195321092 3.9233088774136844
463 wt10g 0.09090909090909091 0.28636730154149265 0.28636730154149265 0.8104889310484844 0.4761302039376047 6.145896300829333 3.8957316282425904
463 gov2 0.0 0.11839937708789355 0.27176253753409857 0.6350128479317296 0.4369513765630559 6.9160126209243185 4.039616162572669
463 wikipedia 0.0 0.0 0.1340713454743422 0.548252303243571 0.5124538487563048 6.933586169688388 3.509429877708346
464 ap 0.04444444444444444 0.07147793625681982 0.1048844967889169 0.6985871020323654 0.7073388679027343 7.481042020469639 2.786393380178175
464 robust 0.04791021671826626 0.0635759398292291 0.09091077766027003 0.7158975918338607 0.7517157303549761 7.522690149421473 2.756264430699708
464 wt10g 0.06432748538011696 0.1325803615932025 0.1325803615932025 0.8226029305973801 0.7814833237823094 6.568168745860159 3.0172828694695957
464 gov2 0.0 0.056195935472757565 0.11633294987376633 0.727206940854001 0.5901771625333911 7.5004021947290935 3.309853799244888
464 wikipedia 0.03859649122807017 0.05293978218524431 0.09690144862032427 0.7106818388778151 0.6892168477477453 7.0536438323965305 2.799134730206761
465 ap 0.34893048128342247 0.20092979440853562 0.2013753536758765 0.6561295267501587 0.650191483903503 8.00623965827943 2.909072778576112
465 robust 0.17773676272128283 0.14234732405497932 0.14484050404312238 0.6284668975131847 0.6846483911582186 7.996232770722771 3.055988166804267
465 wt10g 0.0890952872377021 0.3162058026876495 0.3162058026876495 0.849770595849449 0.6707269353050014 7.553526554762148 3.427354814200355
465 gov2 0.010526315789473684 0.18320092473246888 0.24676834978202583 0.6989805596521022 0.7419066122440743 7.621626146011736 2.7300479090653718
465 wikipedia 0.17785886284338295 0.2079720567686054 0.20556186056085413 0.6391102731034143 0.7811380797033273 7.79625039254812 2.962862224466326
466 ap 0.0 0.026880850450213503 0.15811675414680487 0.5444786676798737 0.5787356571983203 8.08993542262833 3.6019296453194953
466 robust 0.01111111111111111 0.0559258831668442 0.09254477594754011 0.5387575468176946 0.7388704049629862 7.541976815368449 3.221607461812294
466 wt10g 0.05321637426900584 0.7028233629941926 0.7028233629941926 0.7122501979599604 0.7033137270115416 6.6240228437225115 4.7978964727859905
466 gov2 0.005263157894736842 0.36292802484833947 0.40700527988410484 0.5740940492662938 0.6978023296158558 7.628654807304052 5.662980481198226
466 wikipedia 0.01111111111111111 0.041407269748346597 0.29894492501264674 0.6467607413705534 0.5143664075671872 6.9497479463415965 3.6353450023747462
467 ap 0.17192982456140352 0.06791298031458556 0.09435866273700112 0.7102948222625762 0.6383871751749565 8.124386407601635 2.926788158302921
467 robust 0.15384615384615385 0.07498542899085996 0.08929786435038914 0.7364916537947046 0.7147335126167391 8.279184722231511 2.6031981459842095
467 wt10g 0.1800518452995233 0.25273016242992347 0.25273016242992347 0.8023446260066722 0.5886624928283969 7.17045900105628 3.1589968000907707
467 gov2 0.028173374613003097 0.11579905582297771 0.13015922670664798 0.6758095058733917 0.5916540887173339 8.312994708394465 3.3782881070909734
467 wikipedia 0.06785714285714285 0.08523128456626115 0.09718451449742709 0.7484316959141009 0.6905845488520073 7.711288354290292 2.802040869134902
468 ap 0.06150670794633643 0.051213756837165336 0.07286005484477572 0.6550684513662093 0.6472286544848588 8.322996088402554 2.902884884949847
468 robust 0.07330581355349157 0.142659770619678 0.10734791912201713 0.6870046382707918 0.66985777197122 7.930190041666982 2.784092981879524
468 wt10g 0.1186704506363949 0.16035355712987445 0.16035355712987445 0.8337326159378673 0.6015582174094405 7.460644614219062 3.1329636409671284
468 gov2 0.049707602339181284 0.1607413222165885 0.16125713177257944 0.7272960820687528 0.701816497459308 7.757369390460964 3.024563497097947
468 wikipedia 0.18928448572411422 0.20651356358965767 0.16055831939329993 0.69401958770286 0.7717819306726653 7.956952374670094 2.5447662245175238
469 ap 0.16061307113938691 0.07973371614204404 0.027714872207889766 0.43589506029636726 0.5003476225775673 8.230013216119717 3.1384738609020686
469 robust 0.01111111111111111 0.07204548837302761 0.018735884164433458 0.4533566982531805 0.708571174079227 8.02484376249824 2.7289571585182304
469 wt10g 0.0890952872377021 0.08853704348731724 0.08853704348731724 0.892586236772243 0.7093961501464767 7.162303525852509 4.180487643414064
469 gov2 0.0 0.2262840423739621 0.038666845882848994 0.5430268197700989 0.5904935956471664 8.266390798777582 3.7024254210067413
469 wikipedia 0.01764705882352941 0.013065887643815999 0.029998098166021402 0.449635793097719 0.7541095702329875 7.622685435599523 2.51388428311453
470 ap 0.32170329670329667 0.08412237515760687 0.061150889224312235 0.8282385699395284 0.6466453546599807 8.406917749538563 3.0095361360456345
470 robust 0.2073517126148705 0.057977715813890725 0.04161952402279049 0.8387303538952505 0.7047227044576069 8.594868392163828 2.9498361741944366
470 wt10g 0.1624269005847953 0.06722366055378827 0.06722366055378827 0.8413036677902168 0.6711600563132938 8.051348033399265 2.9888021931747577
470 gov2 0.07192982456140351 0.10029381775004553 0.09958717830298297 0.8116405877380204 0.7123224627104561 9.073253057583264 3.338182519968812
470 wikipedia 0.17412280701754385 0.09774350622150024 0.08593728591200811 0.8514229933448941 0.8139902793264682 7.835524596911205 2.632729931456895
471 ap 0.05108359133126935 0.06972769459186154 0.09156854475044612 0.7124250670620405 0.7395229545532228 7.58981976159026 2.825141264695153
471 robust 0.049707602339181284 0.09074457425300321 0.07259319118162925 0.790047450320748 0.7398856738476768 7.473996834715746 2.5245675747744674
471 wt10g 0.14327485380116958 0.14352289242589092 0.14352289242589092 0.883594465558515 0.7056569933457176 6.627560018706253 2.9152096061175916
471 gov2 0.0 0.10180448678303265 0.11056563143245136 0.7556139863143869 0.6661244724739309 7.643131787647619 3.2829737812256496
471 wikipedia 0.01764705882352941 0.08279423902497728 0.09871678393789356 0.7897097937180234 0.7915926902835647 7.400015889229376 2.4166217944294606
472 ap 0.030263157894736843 0.05001186765773098 0.0401951055923684 0.5394502087833389 0.5414971272922136 7.892003311309808 3.061718173437252
472 robust 0.01764705882352941 0.04130471461740904 0.04631591366443541 0.5444372114951996 0.5355467976040933 7.6267268511606545 3.056012555783207
472 wt10g 0.0956312349501204 0.15572009501636452 0.15572009501636452 0.836683680611403 0.6432538271239538 6.625901624892073 3.2379154566178294
472 gov2 0.04444444444444444 0.08765717419174827 0.0952765745542464 0.6516369680961926 0.5248023092529722 7.208216640371333 3.714701317609458
472 wikipedia 0.005263157894736842 0.030880494027587163 0.05358829425540488 0.614838693278143 0.608106638043005 7.452811808744417 3.0748466738098092
473 ap 0.0 0.12578918920083215 0.1985149078848391 0.5421724613156265 0.7474754736598789 7.449473266207436 2.810433010680396
473 robust 0.015789473684210527 0.13184681777132432 0.15284816388798764 0.5371819859070217 0.7499284801223085 7.259299970524606 2.655370700578317
473 wt10g 0.17150842793257653 0.5782518614041307 0.5782518614041307 0.818317667010178 0.6441968125786056 6.556802995102424 3.834228565062655
473 gov2 0.026900584795321637 0.14960498300099206 0.18086690287706417 0.5411636687805064 0.6216094111684761 7.830488170907579 3.3327245006457047
473 wikipedia 0.010526315789473684 0.24844256085445676 0.3807773502178033 0.6665781742142871 0.7164433368717545 6.295691981711899 2.902138410787141
474 ap 0.1074561403508772 0.1312887979292674 0.08565163574853722 0.511425387745775 0.5723509643722148 7.400402219477121 2.736998069006271
474 robust 0.22800883327199117 0.18513207747838056 0.21251540323313925 0.5786457755249237 0.5923056199701764 6.988602086363293 2.7578307785583087
474 wt10g 0.12954936360509117 0.5201888889060686 0.5201888889060686 0.8612213098376157 0.6845126118751342 5.517401793639813 3.137588820338067
474 gov2 0.005263157894736842 0.21170597745174138 0.43968422724894246 0.7486615463967373 0.6411243844155967 6.186115941819127 3.7119796209423153
474 wikipedia 0.010526315789473684 0.1363308372755398 0.13729272884306865 0.5764089474728868 0.666214000285865 6.962758280481466 2.7624524000931823
475 ap 0.03 0.020250702020563838 0.07784595423463044 0.48735454101966014 0.5792222493240468 8.376851222264586 3.3010938929429963
475 robust 0.005263157894736842 0.0881331655511204 0.08626497997479947 0.4813870590471557 0.6657836195795154 8.077522225783468 3.032498567923537
475 wt10g 0.08771929824561403 0.13277822308899512 0.13277822308899512 0.710075411043438 0.6131333540408731 7.2703258860331985 3.580935338285078
475 gov2 0.0 0.10039382962567885 0.14425377636541553 0.576581386641609 0.5338556847997059 7.573644978983466 3.5423275369496956
475 wikipedia 0.005263157894736842 0.004341789643971791 0.04673256056834616 0.5129838913215224 0.6978067074957751 7.766373103043962 2.99937514079043
476 ap 0.11008970389775342 0.05567080401092814 0.02402045562690723 0.34746060055558525 0.6120346862186683 10.163983418832451 2.750052884442056
476 robust 0.09978868740478647 0.03304108131048648 0.02574479577941498 0.36693699614093656 0.5268191394487339 9.828244733931706 3.2282366980791566
476 wt10g 0.2483937974650049 0.16245915047410664 0.16245915047410664 0.5695164744250727 0.5105645202371504 7.3024503873806 4.516485955604777
476 gov2 0.1785214785214785 0.27658273303509373 0.09561334349929229 0.33658601239176844 0.5791827618380007 8.80044266600413 4.887969463195839
476 wikipedia 0.3019664545980335 0.10971046910779683 0.0902614041388368 0.4124655862146388 0.5385736224458869 8.48515798259245 3.340753619723029
477 ap 0.04722222222222222 0.0731817030983869 0.13567359608805837 0.6367579257650905 0.5851135257586297 8.094823674448271 2.9868062699641436
477 robust 0.09484004127966976 0.08112457766758102 0.11739077217465987 0.6343176961554886 0.6699383887333703 8.040753792364097 2.633002675539454
477 wt10g 0.17952724949628973 0.4128120114525023 0.4128120114525023 0.7605792096166123 0.6895021953031112 6.667766438919166 2.9043080743112224
477 gov2 0.005263157894736842 0.07378832719422196 0.17042421473213992 0.6655469944864963 0.6158613952277953 7.613496659280625 2.9645790056243855
477 wikipedia 0.027485380116959064 0.019484476310633138 0.1386697277644323 0.6610364177631938 0.642166154744961 7.621486201550841 2.916738543346311
478 ap 0.08007395940832474 0.23875430534997286 0.13157555568461654 0.417717305036739 0.3950569553327708 7.900656511637113 3.6117918639090156
478 robust 0.01111111111111111 0.05467368331722884 0.06051394243395041 0.45020302758639086 0.5940722729467827 7.738233529481376 3.197035074692001
478 wt10g 0.18320433436532507 0.32572301077425725 0.32572301077425725 0.8341776871154675 0.6269425590676992 7.081841693997394 4.454526196848653
478 gov2 0.005263157894736842 0.12104992860039032 0.19399370945582523 0.5581962225088012 0.5366272496509651 7.460432561590713 4.034074825386991
478 wikipedia 0.027485380116959064 0.07964112087396095 0.07590227244320306 0.44540667643883036 0.8070437368668082 7.580703221607354 2.3717051816818486
479 ap 0.25669934640522873 0.1966250104261245 0.11155094351114349 0.3747066179133053 0.7240065754355814 8.559092937341141 2.655552011402973
479 robust 0.16608187134502925 0.07492670365200674 0.05287823200365437 0.3577356442125186 0.7029499984127677 8.783115041233634 2.652075059360271
479 wt10g 0.320489477842419 0.45598150185833525 0.45598150185833525 0.6444894381122512 0.47400619366076224 7.1521924577684155 4.12426434190517
479 gov2 0.05847953216374269 0.1413364559610982 0.20018548627168045 0.4652655273920103 0.40595285417850296 7.5209468814096745 4.149780827956759
479 wikipedia 0.047953216374269005 0.18039389652641127 0.2734649486600018 0.5129190301536669 0.7518101247709745 7.519487867566103 2.57380756189976
480 ap 0.031578947368421054 0.07689838995071319 0.07142374281890906 0.8104784745500462 0.7011602437937875 6.362866225959846 2.480792180689836
480 robust 0.01637426900584795 0.07685439685127282 0.08163863441556134 0.8284156701720469 0.7159421045550485 6.208692396222903 2.4267362893700626
480 wt10g 0.10079119367045064 0.1250483292370843 0.1250483292370843 0.9193025915945817 0.740411124845579 6.287123779449148 2.2520322367758734
480 gov2 0.010526315789473684 0.1039526771911114 0.10998178558543885 0.8310763084405818 0.7406985920418867 6.450735033145974 2.347176813975185
480 wikipedia 0.0543859649122807 0.100344947844337 0.09009792407813863 0.845758996793271 0.7574073335609812 6.541530161439478 2.3561608880080023
481 ap 0.17874800637958532 0.08592089844096384 0.06856979145623975 0.6789440881095749 0.6266198248329975 7.911805708852741 2.9827354742205006
481 robust 0.1267563705644201 0.09973425741261616 0.0937872733416361 0.7210616928104007 0.7647633769907286 7.737560124676626 2.4593679812216167
481 wt10g 0.09576023391812866 0.13152705639424087 0.13152705639424087 0.8098665263528726 0.7282245430892843 7.3483842917905555 2.9268443310525853
481 gov2 0.04912280701754386 0.15376285907854317 0.10712595946104211 0.6778513745834882 0.5526117670804094 8.400897323336638 3.824581471218588
481 wikipedia 0.052485380116959066 0.13440558723184706 0.11340479481170959 0.7276814505621622 0.8178549502418369 7.184294409988036 2.2121257777063743
482 ap 0.08372893016855865 0.10535245164084149 0.106398679022314 0.7658385775405605 0.6910752812830885 7.765342265853791 2.725016849548052
482 robust 0.07608359133126935 0.09235410838342416 0.10554669562704316 0.7916655460636832 0.6687911243471166 7.674567674649895 2.781800038751193
482 wt10g 0.07671138630890953 0.15889685110607846 0.15889685110607846 0.8894455853648471 0.7275013551144672 7.187173348252377 2.9564914528078763
482 gov2 0.0 0.1363529618308798 0.18844385429323293 0.8436964602101436 0.746144823705687 7.078204055600738 2.883312423447582
482 wikipedia 0.005263157894736842 0.10754807962371107 0.12378082431701912 0.8212592156675291 0.7733774907551287 7.290885916933165 2.7943379428550617
483 ap 0.0 0.020180764852945267 0.02020210054169191 0.5726273767501072 0.5919092624886518 7.914268942904874 2.823450466512875
483 robust 0.0 0.014622370218729907 0.020376187465990184 0.5843180770359586 0.6516024071594816 7.928758380181315 2.825140526737471
483 wt10g 0.06432748538011696 0.07527824022066695 0.07527824022066695 0.7023722520650755 0.613605423427101 7.157857935028893 3.7064940791189356
483 gov2 0.005263157894736842 0.022356500904388236 0.03753338421469935 0.558889838788102 0.485609920169272 8.137447418958478 3.6791350956325646
483 wikipedia 0.0 0.0007242692349419577 0.02441788129294299 0.595040622272598 0.6642314576683069 7.638238154721167 2.958281202039467
484 ap 0.0 0.006600377664810264 0.24510366834479796 0.5850602914554467 0.5385058463737886 8.095064886766727 3.543906022356703
484 robust 0.0 0.029338602689238366 0.28997342264372217 0.5728094351312009 0.741666684388727 7.479899394413148 3.304726926807324
484 wt10g 0.07076023391812865 0.39221484093011183 0.39221484093011183 0.828199408148565 0.7190446398962405 5.723323717770835 3.7762753054412372
484 gov2 0.005263157894736842 0.029449848354559754 0.3771158994122768 0.5671186872695053 0.6530357614976889 6.168021150309686 3.6726536124663807
484 wikipedia 0.005263157894736842 0.08515790661527384 0.3379619609096154 0.6380245180426147 0.5816062511521815 7.042895189203742 3.757890525163105
485 ap 0.21944444444444444 0.1461183748107773 0.06455863057311075 0.6523374159927875 0.6755696226842277 8.960696072880719 2.7263782530971175
485 robust 0.08304093567251461 0.06764890956788655 0.09502480521802542 0.687910971864058 0.7035527635742949 7.906688674759665 2.702224424408718
485 wt10g 0.2030689468769964 0.22183002449294978 0.22183002449294978 0.790399828898974 0.6077342677783839 7.212652566975827 3.11386484724836
485 gov2 0.010526315789473684 0.2133960905845132 0.2133771254761192 0.7283760671967292 0.6979887703046657 7.126797657612779 2.61304335887454
485 wikipedia 0.2714285714285714 0.16618732476609308 0.14636930924585345 0.7143103011770089 0.8092094854559405 7.9296857138154415 2.4463567232623555
486 ap 0.08650670794633643 0.1513037918746061 0.08784724975720368 0.5140937866940841 0.6536049581694194 7.951714893776277 2.7278657203945853
486 robust 0.03333333333333333 0.05438628072970317 0.08768760984080198 0.5361994503569834 0.6396113826876123 7.991449606558534 3.0157912402283684
486 wt10g 0.17719298245614035 0.3752500317775777 0.3752500317775777 0.7255328483905306 0.40648787988810514 7.246461577123931 3.9572913742298153
486 gov2 0.04981080151358789 0.3391085317559997 0.19215053224140605 0.5160427159102234 0.451329284907493 8.03305977458571 4.027097485324408
486 wikipedia 0.03859649122807017 0.09119272881906022 0.08353075341586995 0.5311533576322902 0.6632617148411643 7.920772403455896 3.0277390682856766
487 ap 0.38715614450908564 0.2546546498226372 0.12098136207924119 0.7437847977701543 0.6901317956926027 8.234034795646572 2.779198302660672
487 robust 0.19231364610621576 0.07533450527978745 0.049443076812183163 0.7379645279848743 0.6458570841865079 8.39751196219072 3.001919273473297
487 wt10g 0.15918472652218782 0.18639689844675675 0.18639689844675675 0.871301080954047 0.7313839473951246 7.49029049900704 3.00906210380321
487 gov2 0.05380116959064327 0.1310770898296462 0.10421711487519456 0.7882938974717252 0.7615691762962988 7.814386606099626 2.777169824900125
487 wikipedia 0.16294289645682836 0.14428619878651985 0.0882145008335817 0.7673406957244707 0.808704715992762 8.204528523012476 2.819491016488364
488 ap 0.05338345864661654 0.0898787470892523 0.08984482362834686 0.42431088719509924 0.5823508224796478 6.948119351062084 2.9172496034346316
488 robust 0.01637426900584795 0.0971895360584247 0.19401395557080503 0.5162251105989548 0.47186306294417407 6.51031197723654 3.4145305827349204
488 wt10g 0.07671138630890953 0.27019529836857886 0.27019529836857886 0.7137760272471488 0.5132826802471686 6.294220366646734 3.939371883556677
488 gov2 0.010526315789473684 0.11818452425834622 0.17581651029856613 0.5320661893382039 0.41667390695146395 6.598965423636409 3.6478185459725236
488 wikipedia 0.06437246963562752 0.0696244486224327 0.08494502982630701 0.4432633008668436 0.6752927654767126 6.697417906190467 2.6366391189916936
489 ap 0.24093765711412768 0.11668372040176438 0.07049551963915512 0.4242069701974415 0.6857174541470504 8.746656637675015 2.803137537559187
489 robust 0.17648164528969482 0.12531436965115275 0.07158324672810987 0.43734923215324073 0.7438592104130757 8.386141467255369 2.5652996559997985
489 wt10g 0.19454764361885105 0.4385214346916315 0.4385214346916315 0.770452520123407 0.5517795190495128 7.61389429876515 4.332420088593888
489 gov2 0.053173374613003095 0.1844629288479664 0.1338427393292298 0.5034814470341723 0.7008289924871076 8.164714605038414 2.8142639557759077
489 wikipedia 0.04981080151358789 0.09130233426155028 0.07777398947139719 0.4515101082109505 0.7399869696396559 8.318558808726209 2.8521952682547864
490 ap 0.14860388149861833 0.11159883545192005 0.09108867898154739 0.7892382540247815 0.6605182408957814 7.497804463256523 2.7098257196664455
490 robust 0.08193154454764362 0.12013630727494583 0.1059236303872466 0.817448416231678 0.6372698320477624 7.396663193219498 2.718949404687602
490 wt10g 0.13794289645682833 0.20582973949534838 0.20582973949534838 0.9264754321630089 0.6984364045836204 6.898501177310332 2.69914498937281
490 gov2 0.059021327829377364 0.15738713319907555 0.16632304811655957 0.8142922051766386 0.7000808296356091 7.16229225860069 2.555446874975059
490 wikipedia 0.06954764361885105 0.09088953903249178 0.11082019997254908 0.8387582616847936 0.7604248217624928 7.15123216281798 2.4436701090398056
491 ap 0.0 0.08773956053748311 0.09637853356191523 0.6746804602020141 0.6958109947676112 6.542874179453855 2.569275402901717
491 robust 0.0 0.05537098478397591 0.06135537719718236 0.6550394170163197 0.7089309356723795 6.530277752494642 2.3998966009880203
491 wt10g 0.10732714138286893 0.2170283085479518 0.2170283085479518 0.789878832164214 0.655337652631554 6.616577620040963 3.2809877824944573
491 gov2 0.04055727554179567 0.10641383670089012 0.11529738931645092 0.6853692225379207 0.6808972649731361 7.306347009508176 3.167248960447169
491 wikipedia 0.005263157894736842 0.08238314141767354 0.09268271339595596 0.6942610650871648 0.810783858935672 6.393426258776661 2.251796205353984
492 ap 0.3028424190188896 0.3024921857681014 0.27989220767120876 0.7953758943819159 0.684533257773447 6.512168874004419 2.4276908804397377
492 robust 0.13095115239078087 0.18950552427683393 0.19467959573155863 0.7965809670164866 0.7225664698051415 6.227915639651304 2.1673866357634126
492 wt10g 0.2162452700378397 0.28642546827181536 0.28642546827181536 0.8652771288228968 0.7142893377562832 6.443319198057753 2.423487295403839
492 gov2 0.09957860337117304 0.28816296348196513 0.3017431533486309 0.8317841649286777 0.7742963871220958 6.394225598911896 2.366592472250774
492 wikipedia 0.28809523809523807 0.21856514221563592 0.1969651996165676 0.7855776405715633 0.7681141900641352 7.118985213417226 2.472257659492864
493 ap 0.0 0.019461024771753026 0.0603012898016806 0.5553613672707075 0.645884573673566 7.479365002552582 2.8424594026269503
493 robust 0.0 0.040094949885566805 0.06688948083217053 0.5990323291296211 0.637744128179927 7.260265476645951 2.93067379541894
493 wt10g 0.09425524595803234 0.13013213847917282 0.13013213847917282 0.8121679448824921 0.590002238314465 6.57599752773553 2.901131975051576
493 gov2 0.0 0.1363851620292096 0.13998864545581555 0.6797347785226474 0.6751372020128213 6.786569054265504 2.7657410559359525
493 wikipedia 0.005263157894736842 0.04401298263934487 0.07591600540524 0.627806579154115 0.6791531450200229 7.497294313557258 2.747901801945284
494 ap 0.28414918414918416 0.03223447325346456 0.014824138824021074 0.6113208810752473 0.6239845779323739 8.483501013066343 2.771681672391863
494 robust 0.10264877880976953 0.048638612910465305 0.03096312789313843 0.6083151507429528 0.6558293078751528 8.098812098385725 3.1145795674210475
494 wt10g 0.09036807705538356 0.10133852147270983 0.10133852147270983 0.7747789561066091 0.6391813049996289 6.877178538491127 2.978459576848024
494 gov2 0.060526315789473685 0.021508148899051664 0.040523584104333425 0.6270975121442722 0.5458130849711321 8.351620587976853 3.3708604766417687
494 wikipedia 0.05166838665290678 0.08299859434090152 0.05814088879698251 0.6440718997769923 0.6797633706862707 7.526764976119916 2.8353429623386965
495 ap 0.0 0.05969145776164803 0.06586346789389558 0.7958836983253327 0.655444789850623 7.183641898082028 2.7842528101748063
495 robust 0.0 0.015718269162031312 0.07142057802274668 0.7928307271968685 0.6190874189361721 7.258952247367097 3.0272157489520497
495 wt10g 0.06432748538011696 0.11210673621368167 0.11210673621368167 0.8905381084895131 0.6939192399018459 6.746870463463633 2.9674654636946665
495 gov2 0.0 0.049073208889538956 0.10557914637844575 0.7464842799624514 0.6028258589139749 7.124685467192304 3.1146475713137076
495 wikipedia 0.0 0.013712676909715707 0.09727221354872405 0.8354152480129053 0.6601283515667586 6.805591127499318 2.836770716534894
496 ap 0.0 0.0 0.03142212443640218 0.6634023341591311 0.6467261477386186 9.221227803391592 2.732747597237332
496 robust 0.1272727272727273 0.11133300715227627 0.04472201803497993 0.6812988492022444 0.6452685777898661 8.888506141935531 2.8294687662361953
496 wt10g 0.1705280357757138 0.11556815210211471 0.11556815210211471 0.7419723602806835 0.574930010123938 7.942999919024286 3.2176088243902687
496 gov2 0.04444444444444444 0.1001987197317461 0.12115088718994763 0.6985018055345944 0.7141193575507645 8.544345692297515 2.8963433018236433
496 wikipedia 0.17132291513096465 0.05106652490506047 0.11012436762169284 0.7063026374591248 0.6820806417071696 8.713487624190854 3.400336988665014
497 ap 0.38809523809523805 0.08130413778741832 0.03672631780690866 0.3274570535863506 0.6087127044392481 9.298134412683245 2.8891399020601463
497 robust 0.3693223443223443 0.1231494165521827 0.08487176519400791 0.38701493884561794 0.6921967614165644 9.014482985858262 2.9241984515092523
497 wt10g 0.33768074031231926 0.545077206794573 0.545077206794573 0.7434314191620762 0.4807144486506303 8.10874050242092 4.641762967898629
497 gov2 0.29484004127966973 0.2386616899076894 0.13969768615435982 0.3928751849067975 0.47521316593720053 9.002693988462326 4.26521828069608
497 wikipedia 0.1674357462283159 0.17418411423106284 0.12693509539686404 0.4168972155237235 0.6828963038014766 8.405194105845604 3.253757380595746
498 ap 0.015789473684210527 0.08018329820452402 0.15215269822699967 0.6273064837659235 0.7108933946717921 7.655732415937275 2.568901240568867
498 robust 0.09166666666666666 0.09762006530472318 0.1634732897328 0.6495321929635398 0.6769509414982182 7.8316881645649925 2.604326359806102
498 wt10g 0.32583494936436114 0.48600766523668393 0.48600766523668393 0.8294606449993909 0.7151999980849694 7.169618358595278 3.165992158912622
498 gov2 0.08869969040247679 0.256818797356284 0.27456601177457307 0.6729936210870182 0.7270650308802892 8.212849441622225 3.072770508265483
498 wikipedia 0.17439309056956115 0.2185404830730726 0.2450991596466089 0.6884976261418269 0.796998347358313 7.66507357271013 2.651906639611121
499 ap 0.06560027519779842 0.08965036412148497 0.06835939794203284 0.5983846707560633 0.6674920329705185 8.373754890107383 2.654844279646996
499 robust 0.2773809523809524 0.14489451299341194 0.12640632708769384 0.6310043943383843 0.6014978241109656 8.076077085477207 2.8152189954729585
499 wt10g 0.2817448031844317 0.4206962845354172 0.4206962845354172 0.7379994216792998 0.5250249929840002 7.22928548330861 3.6180601625758384
499 gov2 0.1503955968352253 0.14627734909813045 0.09574362110006521 0.5911815737667526 0.5842759012666411 8.401391149918844 3.169799898476585
499 wikipedia 0.2317873303167421 0.23698735215312616 0.16922171093071167 0.6507372734544231 0.7809101614015935 7.780491638142816 2.454698636407612
500 ap 0.416017316017316 0.1940486662968388 0.1541178550239364 0.797446267196838 0.7445985325962353 8.15737798425028 2.6651216706957364
500 robust 0.2981203007518797 0.1531076468625497 0.12278188586687865 0.8033089416520279 0.7726209914572344 8.212832077561758 2.4185464132585897
500 wt10g 0.15544744213474865 0.14591803591879665 0.14591803591879665 0.8735826613397507 0.7110600079105227 7.446298636744069 2.7682962165804983
500 gov2 0.07261781905744753 0.16131193949322742 0.152071201484581 0.8255939709430414 0.8278535771099365 7.611572794941985 2.336235141445531
500 wikipedia 0.13828197945845006 0.13165575462970236 0.12339463315909875 0.8233163995039882 0.7873785733983478 7.935988376403396 2.507532132186996
501 ap 0.005263157894736842 0.03349964542723978 0.04590535101980218 0.608931036156324 0.5575576791559633 8.122169099484587 2.997898588222244
501 robust 0.005263157894736842 0.019154151870562925 0.070319358497625 0.7020131402516161 0.6157379076708601 7.853555579944453 2.711069326079744
501 wt10g 0.07602339181286549 0.08015709752484854 0.08015709752484854 0.7693422074480345 0.6750310505654051 6.694264296287318 2.929309932988416
501 gov2 0.0 0.044870575896523456 0.09568329271908418 0.6197900819872311 0.5442126150292377 7.416799413022763 3.2893261388797983
501 wikipedia 0.02222222222222222 0.012407158628379515 0.05798677992658249 0.7252314890814504 0.7047788345579223 7.587395460117729 2.7745232978540355
502 ap 0.005263157894736842 0.04878376862776496 0.12248116039717519 0.7011541775622991 0.6494728630581511 7.36566819403647 2.890469071080612
502 robust 0.0 0.03238378576668016 0.13071510410111778 0.7549947258811953 0.6270163759231306 7.142637105495804 3.046198802353187
502 wt10g 0.0825593395252838 0.21387955538545225 0.21387955538545225 0.7981833096428206 0.590448736106715 6.766666982949887 3.2154794585626827
502 gov2 0.005263157894736842 0.22626150475706266 0.23623100646016149 0.73451499559889 0.6757253400910728 7.036599653866597 3.2245281807873507
502 wikipedia 0.03928448572411421 0.1458794201693564 0.1528415744733895 0.7805279826552634 0.7038517083950316 6.9344269398460785 2.7716534548581944
503 ap 0.01764705882352941 0.019864939344214363 0.08529125465638555 0.7626330063463468 0.7154255732935673 7.91466411705998 2.808694987081718
503 robust 0.0 0.02789374719765509 0.06764649396307731 0.7447220392224556 0.7407494045149202 7.587185389288741 2.5636357916568637
503 wt10g 0.1796783625730994 0.1945661351907013 0.1945661351907013 0.8639748973831312 0.7054613125308566 7.081528992513129 3.013874781643043
503 gov2 0.031578947368421054 0.0987121768912364 0.08781857569471421 0.7825396606516799 0.6045564298780896 8.345278954200566 3.613230038071012
503 wikipedia 0.03529411764705882 0.050292179379532995 0.0844811453112314 0.8018325384301456 0.8062665564542857 6.817948531584985 2.3136189867009946
504 ap 0.15 0.07785256719055567 0.058182243738915576 0.7712873617874489 0.6627551376789186 7.360940335566522 2.8480668264027726
504 robust 0.28963258963258964 0.11055647254834491 0.07633589559541662 0.7927921413716996 0.6864941717255757 7.427177095572581 2.7786515396808906
504 wt10g 0.11033711730306157 0.11410795621464195 0.11410795621464195 0.8234339335916309 0.7699746854277818 6.885217773835095 2.4457884983662046
504 gov2 0.03928448572411421 0.07668254908398159 0.09789849966685532 0.7884850023297609 0.6991590107888226 7.258133113526523 2.6982920422712193
504 wikipedia 0.08859649122807017 0.07358391141250528 0.08315800400655135 0.8219683813573423 0.6379709423591854 7.362996755813846 2.9347041502064033
505 ap 0.1484848484848485 0.053281927260100656 0.03917446084956894 0.7220120216068268 0.6814832337095096 7.232715720655213 2.814242187936654
505 robust 0.12577597840755736 0.04489450655264942 0.031527543860687145 0.7277835210799648 0.7074746206138951 7.3372054320375355 2.7866591599483024
505 wt10g 0.07213622291021672 0.05787108460986222 0.05787108460986222 0.7479187817139962 0.653220614291902 6.898511386539647 3.2356688409965444
505 gov2 0.0 0.04496436643265596 0.04817551481123403 0.7321570371308161 0.6750167008867535 7.752834016886601 3.2999386368314805
505 wikipedia 0.05 0.04837032132982984 0.04774600721956618 0.7372757656518142 0.6614639330182189 7.112880377027808 2.9321796820862165
506 ap 0.5807486631016043 0.0892747880317753 0.04019214823646634 0.40319463392526095 0.6477108368078457 10.423768541872178 2.7153297131377734
506 robust 0.2846282372598162 0.0902288053115488 0.0443797895615282 0.39674622397251685 0.6961526075853752 10.161117327903778 2.634873829371896
506 wt10g 0.2745621595466797 0.4950226342907238 0.4950226342907238 0.7202268696234825 0.46570915512558586 8.278909234557023 4.139069099927092
506 gov2 0.043859649122807015 0.08334956490535282 0.09314040618994411 0.42667394041682977 0.5069616539228927 10.00131285672681 3.7374714404428206
506 wikipedia 0.10016339869281046 0.13374678115627434 0.09885581579754196 0.454838787331252 0.6588599191778622 9.057542421817859 2.99130619202602
507 ap 0.0 0.037729675650054924 0.08378145712330076 0.49342001967424276 0.665175347046737 7.302818625200184 3.03752607248695
507 robust 0.0 0.04634346764826605 0.08203052649822579 0.48950333629903336 0.6969882011630479 6.953329710598014 2.653589695932165
507 wt10g 0.07671138630890953 0.4552429417768908 0.4552429417768908 0.7770696331362545 0.7321680922678526 6.470456140138926 3.637244937707965
507 gov2 0.005263157894736842 0.12525462116102234 0.4780459125132366 0.7329612476645825 0.7067808053297484 6.8139241590474064 3.767096007780702
507 wikipedia 0.01764705882352941 0.04462700265321087 0.08130008414886745 0.49591704547209847 0.6882719168041774 7.24536942187436 2.9107004551844025
508 ap 0.010526315789473684 0.07110967667103199 0.05879198208368 0.7058412167116564 0.6622550833823987 8.243109568577893 2.6568837641455443
508 robust 0.021637426900584796 0.058333234414163986 0.07364749881708109 0.7310395306843533 0.6734683757181539 8.299210227264647 2.7079221242459277
508 wt10g 0.08991228070175439 0.15100459911924927 0.15100459911924927 0.8000397101764619 0.6697236683727971 7.393209168692133 3.0450648582255235
508 gov2 0.005263157894736842 0.0849607470791289 0.10834624327348978 0.7810866248489388 0.7634577066649771 8.009533785417455 2.8361935289308655
508 wikipedia 0.021637426900584796 0.0694414922137174 0.06404898999535479 0.7608141740068118 0.7447058436665623 8.12448315360908 3.0483572658191633
509 ap 0.36489980607627664 0.195610990866706 0.18241038489226627 0.7936121383125716 0.6776216482861872 7.876852805693011 2.6680094395965384
509 robust 0.19333505331957343 0.13506911473426814 0.13589615636410618 0.7914474018044736 0.7419063021847997 7.774460173259816 2.320026717652313
509 wt10g 0.28404344193817876 0.18131310992163693 0.18131310992163693 0.8772158411979795 0.7260404724042578 7.537203966780614 2.5772701762059156
509 gov2 0.19383753501400558 0.24374911730408538 0.21060043664228192 0.8325328069045199 0.8149895034979245 7.993621694911529 2.830776456874409
509 wikipedia 0.14222566219470245 0.12776456184820417 0.13936977123424257 0.8234967377104812 0.7776406521224337 7.838417071537634 2.6031047183615668
510 ap 0.07539559683522531 0.07252472276538895 0.1424129015283562 0.7613660383671278 0.614507159138552 7.086298135919009 3.015441282521582
510 robust 0.15166838665290677 0.06440396579426136 0.10785397620613074 0.7155958181741708 0.5276347930944083 7.248651801337121 3.2381993735609775
510 wt10g 0.22224310776942355 0.19057047820457565 0.19057047820457565 0.900529809760846 0.7179193593250046 6.831639820907391 3.1764920648768245
510 gov2 0.010526315789473684 0.045140170316102714 0.13880006384749013 0.7536242631650065 0.668699113858988 6.994004770184063 3.123298817505003
510 wikipedia 0.08777949776401789 0.05761478874204243 0.07321596371860646 0.6906789496653477 0.779299170966925 7.064126519195193 2.276567557903574
511 ap 0.06359649122807018 0.20960030731166862 0.22216101056958282 0.8061477998896973 0.7551840315064428 6.755242656936362 2.354035946576159
511 robust 0.060233918128654966 0.16760284509827952 0.16717162938952543 0.7813206687758861 0.7446127629464101 7.222754674728762 2.3875214078691807
511 wt10g 0.1492862057103543 0.21025648408403114 0.21025648408403114 0.8510791524324874 0.7507371597235497 6.923922221757547 2.4669095287537823
511 gov2 0.0 0.1881987170795609 0.22679871335178708 0.8157067536485918 0.7709434841042139 7.033572434322151 2.371527505064774
511 wikipedia 0.11359649122807017 0.18778954181476246 0.17440771901320706 0.813311927953922 0.8435670271527602 7.430708180613719 2.1927762171499388
512 ap 0.01637426900584795 0.10007142724067697 0.051998133512111105 0.778698154653718 0.7313741134117966 7.497967565906877 2.5606102935840713
512 robust 0.11486928104575163 0.10165353356394911 0.03992238016836807 0.7560813116997522 0.6649129095925828 8.100670385689057 2.9031719170810044
512 wt10g 0.10380116959064327 0.07005301407779353 0.07005301407779353 0.8223941663829639 0.7648830121443277 7.699806316967134 2.7783186389044454
512 gov2 0.0 0.10615039835355045 0.07723520375789705 0.7762066963527581 0.7259200627308939 7.536372194602886 2.7505853690719895
512 wikipedia 0.051900584795321635 0.1374053783046966 0.08107678733869193 0.7972650458717595 0.8054440059160799 7.5130106775886505 2.628864074253868
513 ap 0.07915376676986584 0.1606607193412716 0.108482086309636 0.6906137430365749 0.7361839536397934 7.736221884743351 2.5648310098022784
513 robust 0.0955280357757138 0.11082400269957238 0.083840546253404 0.7022779341462856 0.7716316889781952 7.754236691875935 2.504992931765017
513 wt10g 0.1131750945992432 0.18705838396607766 0.18705838396607766 0.7660868436818454 0.6236062381294801 7.34610778388003 3.1099841344976418
513 gov2 0.027485380116959064 0.1444169411984002 0.17584426479984733 0.7450827355130224 0.7182517505485497 7.293055705770714 2.9322343392393915
513 wikipedia 0.10288097695218439 0.1389557884686294 0.12221661644729916 0.7294584806268012 0.7937684368955982 7.413870608725258 2.6231063635601717
514 ap 0.09703302373581012 0.14487614641317598 0.12533948131511585 0.744585381828765 0.7040681405049136 6.150654726635671 2.299099268531653
514 robust 0.0850017199862401 0.09425459098298195 0.10561463529885852 0.7710482823858253 0.7494191097093401 6.039944542461445 1.9922274780106317
514 wt10g 0.10732714138286893 0.16823046318832313 0.16823046318832313 0.8353121096573448 0.7851098815252316 6.243109927078271 2.047547379646622
514 gov2 0.07608359133126935 0.2040323517048664 0.1860573688405132 0.8281971640092535 0.8900960273373523 6.1674821229871775 1.9215537834252712
514 wikipedia 0.15902132782937736 0.1398488202326222 0.10171366503643237 0.7189105872409107 0.8085192854372101 6.861050499871325 2.1850747411778753
515 ap 0.05624355005159959 0.0691373790519954 0.05627345296403438 0.6636962618051211 0.6765072255183112 7.008024276062817 2.604441453827982
515 robust 0.03216374269005848 0.08790248319905251 0.04932674185542582 0.6242308622235591 0.6136906156416844 7.127507783048881 2.9417960078703023
515 wt10g 0.13920217209690894 0.08261712544781528 0.08261712544781528 0.7510702427770876 0.711411500801962 6.760171974251111 2.926956161500855
515 gov2 0.10277777777777777 0.12921065403739662 0.12938911389323624 0.7158570597771947 0.7447541380552214 7.355957795782498 2.8860062579993837
515 wikipedia 0.1548265460030166 0.10226655789133664 0.09435096173541829 0.7114991960254732 0.7971560749908859 6.728100957540157 2.3662479642109844
516 ap 0.25839797457444513 0.13781728110156657 0.11074277850222322 0.646915534779614 0.6974206493262878 8.425606267669874 2.5928625663053704
516 robust 0.26481182216476334 0.21175578266259218 0.09799850024222825 0.617478506091186 0.66108604713564 8.528857871599737 2.9577505137238624
516 wt10g 0.3191825718141508 0.3056543672631798 0.3056543672631798 0.7887608247980489 0.6350670925274289 7.4562360469871045 3.558469545767931
516 gov2 0.128921568627451 0.1890247781092661 0.19134390557213413 0.6242749969916632 0.5740188651421541 9.079940192733023 4.173669308212761
516 wikipedia 0.1378674816755312 0.12873557303087751 0.11390280050985613 0.646861039921674 0.7854291688013262 8.026219102484516 2.3910987720126355
517 ap 0.06495726495726495 0.039611649502785694 0.04976518110180891 0.8177454799935865 0.6926813941721321 7.782840769462706 2.6419960647245064
517 robust 0.058333333333333334 0.027564836300509328 0.049719498661627275 0.8003219109584347 0.6537851083263314 7.832259136264769 2.9786685522613037
517 wt10g 0.06432748538011696 0.0782928864800505 0.0782928864800505 0.8812135055470661 0.6455298562506909 6.8527794398690745 2.86336912574149
517 gov2 0.01637426900584795 0.04509419345053864 0.05709192292994784 0.7924174604585864 0.6906315809844574 7.681154260374879 3.1714890397499578
517 wikipedia 0.0 0.04071954342425533 0.05604147644819942 0.8301803779872932 0.7395068262170911 7.416209066240696 2.522806577892603
518 ap 0.010526315789473684 0.058880663116514645 0.07532357937540134 0.8111667380715395 0.6890746222660988 6.615738186348482 2.4769325583522153
518 robust 0.0 0.03036933843546428 0.07636434661588172 0.8133354757143916 0.6970092434461851 6.479674271221461 2.4610355893655353
518 wt10g 0.06432748538011696 0.15085339664268532 0.15085339664268532 0.9245956896954295 0.7650834448415689 5.868165237458433 2.340311624661332
518 gov2 0.0 0.03417327649589603 0.1242336544543225 0.8445833525895918 0.7075858182547541 5.923090392162382 2.1945724353892775
518 wikipedia 0.005263157894736842 0.041092945780664074 0.11031481441889436 0.8578751760236493 0.7918016021284722 6.524071738006085 2.258712642047377
519 ap 0.08320433436532508 0.05630871405973092 0.058317439168829366 0.7516308046397802 0.6747808131296616 8.191145758247101 2.741892319143182
519 robust 0.050980392156862744 0.13999907331012268 0.11506808151216384 0.7670795889244912 0.6895197343858244 8.148530620081964 2.930818068894001
519 wt10g 0.10814413484692122 0.1632459559930366 0.1632459559930366 0.8515225551178718 0.7080137106304059 7.263235678155692 3.001127337323831
519 gov2 0.005263157894736842 0.08424638556075549 0.13798904956121677 0.7840377466158943 0.7083411846079887 7.888371249331218 3.21215854438022
519 wikipedia 0.005263157894736842 0.05222784277701881 0.08741601506627154 0.7893925483003891 0.7188529879573164 7.23491351463118 2.7083356386144204
520 ap 0.01637426900584795 0.04613367480688782 0.06855366836193343 0.834365878947735 0.6605291383938185 7.190364015754017 2.6952365347554688
520 robust 0.027485380116959064 0.06351803772104458 0.06815941708306694 0.8475433244890249 0.7481840343727374 7.424442360110367 2.4454209317547453
520 wt10g 0.0825593395252838 0.08626815028304947 0.08626815028304947 0.9092513362433335 0.7649841546409825 6.721041744563593 2.6768610702491533
520 gov2 0.028173374613003097 0.0614678206883027 0.10036949182450641 0.7882782820944902 0.6524015554470336 7.6616201620596796 3.06225462017472
520 wikipedia 0.060294117647058824 0.05488615703129028 0.05181383509151999 0.8272990881289853 0.7948385516913052 6.996021420610413 2.5437471965881038
521 ap 0.025 0.04842709063817695 0.0459509727912608 0.7277806262889244 0.6997483234038431 6.813664785376364 2.551817198337483
521 robust 0.01111111111111111 0.0325808845616377 0.047382969321307145 0.7522467343873748 0.739144903016647 6.677603645393105 2.459361928922653
521 wt10g 0.07602339181286549 0.14637162084412836 0.14637162084412836 0.8495327661570493 0.7161557594413024 5.865458945977293 2.6439313341550754
521 gov2 0.0 0.06874938755566505 0.05123582749915252 0.73386043707579 0.6245843049593613 6.650328426205988 2.8543018077690796
521 wikipedia 0.0 0.02273632740127437 0.04422552624289672 0.7552502651988722 0.7317789708239515 6.615006719358678 2.465495000607032
522 ap 0.027485380116959064 0.08405232666094786 0.15284070723545137 0.5115731115705358 0.6468420946537029 7.001496558378356 2.8592995678879207
522 robust 0.01111111111111111 0.1120900302179722 0.18174488091084245 0.5522931896349699 0.6356578126998379 6.73689426617682 3.0377327684938633
522 wt10g 0.13291193670450635 0.2645000885041882 0.2645000885041882 0.7199587717712617 0.5418156334561127 6.644178174685544 3.782093608913764
522 gov2 0.0 0.19100377037377778 0.3252714302473744 0.7358344388396025 0.619140437947137 6.2761827933970125 3.4189892172965606
522 wikipedia 0.010526315789473684 0.07109222149516646 0.15239385793800833 0.5335052025879998 0.8138849175557552 6.656658868033135 2.3520970862085684
523 ap 0.01637426900584795 0.04073085853601352 0.04768876577723088 0.7309027772226737 0.7148781420824918 8.24943404690911 2.6287273642018087
523 robust 0.01111111111111111 0.02362932540787471 0.03334607335762786 0.7375763546757629 0.6927337039264753 8.233794952394215 2.699038025512964
523 wt10g 0.06432748538011696 0.07439336114677013 0.07439336114677013 0.7685204452966881 0.616743715838648 7.526739606515157 2.9885525016229533
523 gov2 0.0 0.045397487612728625 0.09027851374180228 0.7686613869003178 0.7274113183389109 7.764216650686487 2.8369226457610717
523 wikipedia 0.0 0.027768404642589437 0.09042481048291241 0.7960524251751353 0.7428495553103319 7.798299335281218 2.7475844584050506
524 ap 0.0 0.024654127968279038 0.043317815614705164 0.7762202066963926 0.6914474695714684 7.730350482163721 2.696895894510217
524 robust 0.0 0.04072970264787247 0.0515822069146338 0.8003352491888879 0.6560808903801616 7.561691288579045 2.603538455750184
524 wt10g 0.2046783625730994 0.11245024733134104 0.11245024733134104 0.9115038719331372 0.8230152353961233 6.092809843048977 2.3226456368922324
524 gov2 0.0 0.016702450478992707 0.11291450948418895 0.8716308144094455 0.8298962195881368 6.76249836725349 2.4843781866941668
524 wikipedia 0.0 0.017551761445822208 0.07387526324157077 0.8212036651195725 0.765260745800489 7.129225000838592 2.568066880863982
525 ap 0.051900584795321635 0.0955745190318479 0.140069218356208 0.8588162613099389 0.7370453842810372 7.305255219866792 2.6629090792283763
525 robust 0.021052631578947368 0.13820500272752448 0.1499869090862002 0.9050184169009209 0.7366835501819062 7.156460082920043 2.5175410163668825
525 wt10g 0.12272101823185415 0.20460455816679593 0.20460455816679593 0.8880013116862295 0.7334897142571646 6.8179339234654535 2.6798719316575528
525 gov2 0.010526315789473684 0.09256206205541403 0.2101868637962767 0.9160764521346185 0.8526339340906686 6.34882489717537 2.0953931797575844
525 wikipedia 0.03869969040247678 0.16956367573465442 0.18521320013132264 0.9169753449603573 0.850125254447252 6.948769503280535 2.2835008111174635
526 ap 0.16402930402930402 0.06123991367882108 0.05837618732617055 0.4534793138682787 0.5266579773653864 8.638960384810078 3.400667464385696
526 robust 0.1219298245614035 0.03995804006181925 0.03777756736090916 0.47584199971623115 0.6233130950868297 8.523941897491465 3.36713519481001
526 wt10g 0.0890952872377021 0.20860695452499184 0.20860695452499184 0.7075237881006446 0.5273435187854729 6.919984832654119 4.1760011233859515
526 gov2 0.005263157894736842 0.12817547036556587 0.061087652113945935 0.4714599681638957 0.3896605718158658 7.839961950339935 3.7658854755849247
526 wikipedia 0.01764705882352941 0.04099903536828856 0.04531828667951636 0.4586357285656179 0.5700516809690108 7.693969048583119 3.2366714988057534
527 ap 0.388034188034188 0.20160597916235765 0.1515182990541306 0.8588727041562694 0.5080864780564031 6.684668215930133 3.0318344614973203
527 robust 0.0 0.02021228666075836 0.12840392015883745 0.8938475221910146 0.6169700594630559 6.971733000006759 2.7278883133488168
527 wt10g 0.5130775657091446 0.1874285878904916 0.1874285878904916 0.9079327315868104 0.8102475533108894 6.613792449225557 2.262373058133705
527 gov2 0.04396284829721362 0.08042856575901637 0.1460280274126965 0.892301815436643 0.7682791949678925 7.0412634939959196 2.71649307211079
527 wikipedia 0.24734460585853774 0.16587358226196922 0.18049860756413144 0.9124648844590475 0.7899447804831795 6.565213955170723 2.173309795209652
528 ap 0.005263157894736842 0.032082096156142444 0.02584918513764724 0.7307109799386082 0.6865977666657777 8.443236205673324 2.645227404307974
528 robust 0.026900584795321637 0.0470370728457328 0.026642232827382376 0.7494500395509167 0.6846381895745208 8.160574167407363 2.736554706591897
528 wt10g 0.09494324045407637 0.07424442240097542 0.07424442240097542 0.8085089632737034 0.6266035570451557 7.594217542225191 3.103615344448772
528 gov2 0.005263157894736842 0.12219335588815096 0.06932370812416172 0.7311886705516858 0.6493394686094508 7.746607621545453 2.9770748421621507
528 wikipedia 0.09166666666666666 0.11047041696478506 0.08318457041572565 0.7604103962612363 0.7312434029905905 8.080245488648691 3.056256127440181
529 ap 0.021052631578947368 0.17078760319628564 0.09195098500756828 0.7948301441835026 0.7891846637026446 7.4744960668065845 2.387783126651244
529 robust 0.010526315789473684 0.087782528912358 0.06751600883421911 0.8002378582004702 0.7798929797044363 7.413943229871199 2.363662342049568
529 wt10g 0.19671851196618997 0.16827744571706837 0.16827744571706837 0.8988588086828116 0.7395309135100819 7.518492289373167 2.63832644737371
529 gov2 0.03216374269005848 0.11035631591409559 0.11049735650629806 0.8218838429519226 0.6984204613085059 8.21330853145843 3.004365083460334
529 wikipedia 0.05716374269005848 0.08921359277926089 0.08245939472923104 0.8301127746890795 0.8149406019749845 7.638018730734035 2.3153913257765995
530 ap 0.17380829524792374 0.041976430226951626 0.04402377572932855 0.7423614128114558 0.6815616513547039 8.643143349430748 2.8257705099623722
530 robust 0.09605263157894736 0.05267062890845538 0.04513797281855977 0.7587872563945081 0.677237955698833 8.58731160611052 2.9744972813785493
530 wt10g 0.14095287237702098 0.05513096328662433 0.05513096328662433 0.7810327514135846 0.5754446136301895 7.9432541332895035 3.4562580857628085
530 gov2 0.03529411764705882 0.05266725278558265 0.050463676458637384 0.7650943494010762 0.725247999678602 8.611058806729737 3.130304342667042
530 wikipedia 0.03859649122807017 0.05231600067885951 0.05691217550985281 0.7681142812398313 0.7180221185730586 8.232600754121641 2.996854373104999
532 ap 0.46007326007326005 0.12504169350446406 0.10192747593101731 0.630986817151594 0.5977370001188343 8.270025221528284 2.9864017065960136
532 robust 0.3429217840982547 0.1190598465212948 0.06292896770863397 0.6162316229006598 0.639286208714333 8.301949244576255 2.7240199902412874
532 wt10g 0.23072462453267406 0.15454545241897144 0.15454545241897144 0.7713231341420941 0.5812034933152372 7.3736135752817775 3.350457676418688
532 gov2 0.10872893016855865 0.08995503581476162 0.09628776588007441 0.6712721909518237 0.5387221249582475 8.194374693755627 3.730218556498339
532 wikipedia 0.1753734827264239 0.13004023155440872 0.128182426242124 0.6809999330249514 0.7470495895884335 8.00660228196157 2.6566663187452626
533 ap 0.1593346110373974 0.3476288273992318 0.35509884652544177 0.7418266297096325 0.6064488975025037 6.62440993602255 2.8458449196323645
533 robust 0.15910931174089069 0.278307737466329 0.2819892408233569 0.7406507697041573 0.7348885087860952 6.744016935382674 2.2601554513368196
533 wt10g 0.12788097695218437 0.4475126541919598 0.4475126541919598 0.80048171488611 0.6610125415629289 6.19420978285889 2.7648175638634402
533 gov2 0.075 0.49353660919248327 0.5615548710325924 0.735706303694359 0.7094336912299585 6.385570797168106 3.3096274128900687
533 wikipedia 0.07748538011695906 0.3407702793991151 0.34938379835968747 0.7597478137152006 0.7818150613694719 6.2194358004108565 2.282840565514902
534 ap 0.0 0.013492375804249225 0.13503754067225973 0.3445339444835491 0.4163174711434153 7.807355906581298 3.793479029831275
534 robust 0.0 0.03605151939859625 0.07869232836692491 0.3466407782925169 0.5118876572703326 7.528275976251027 3.372048616030996
534 wt10g 0.1796783625730994 0.45123279014410034 0.45123279014410034 0.910589096737762 0.7732456986323152 6.88026995209036 4.072035004251625
534 gov2 0.0 0.045804096054087626 0.20821367743369046 0.4688562299707593 0.4898101568073577 7.059559843918073 4.078670627052645
534 wikipedia 0.0 0.05910099080765481 0.1452768278711722 0.44519477390772993 0.4579849019202212 7.060904177117467 4.104025265166146
535 ap 0.16235810113519092 0.11902979559525248 0.10307023422502526 0.7453999144145388 0.7167945095206463 7.016476666706368 2.466239574343709
535 robust 0.17637598899208806 0.16068131905518737 0.13953716097499325 0.8187966039025542 0.6534312695543673 6.514368657163058 2.667026842481133
535 wt10g 0.33847439110597005 0.20599701850826424 0.20599701850826424 0.9278290386304398 0.7864576481650035 6.135458075069164 2.320911725848137
535 gov2 0.005263157894736842 0.15043438758641323 0.19582645771783358 0.8370777420955817 0.7641943170139442 5.911480429126818 2.102831069794659
535 wikipedia 0.19078947368421054 0.17231089981987724 0.16497420632699697 0.825827626551767 0.7133790507447831 6.730019200390544 2.466574678166341
536 ap 0.0 0.05879096711342352 0.08066107260795483 0.7954669722900759 0.6964503141041046 7.169086801224548 2.677324092611594
536 robust 0.021052631578947368 0.0634868619019972 0.07804366080578315 0.8132057530861816 0.7175362455151999 7.348366785354746 2.5299608918256693
536 wt10g 0.09713622291021672 0.1162182532916748 0.1162182532916748 0.8679038055506196 0.7485385897513769 6.98954544258383 2.519764073910715
536 gov2 0.08914027149321267 0.14377231149121442 0.12552435992420047 0.835535244436745 0.8266045669659695 7.500884182578576 2.495643090128833
536 wikipedia 0.03742690058479532 0.058863644923629006 0.09250341223098853 0.8303729789850143 0.8009306530391556 7.272133652333151 2.4190130132462015
537 ap 0.015789473684210527 0.04443159639834176 0.04514236212780794 0.6222164367351392 0.688405746106455 8.147394438433118 2.649258700768388
537 robust 0.015789473684210527 0.07014227196811021 0.09579559273904006 0.6579409725805817 0.7077478741995276 8.025768330100025 2.774657275416621
537 wt10g 0.08978328173374613 0.2906858883998452 0.2906858883998452 0.9020102525818975 0.7379045890460545 7.46353645166835 3.411412468404189
537 gov2 0.015789473684210527 0.046686609875649786 0.10341890911902876 0.6934191116966506 0.6657139702507922 7.961223501981798 3.150496958475677
537 wikipedia 0.05294117647058824 0.058045501611163515 0.07916728650687256 0.6519354592646439 0.7802716152976121 7.861743660662704 2.549471933411683
538 ap 0.260421888053467 0.17742388545784737 0.12139626568909236 0.7078793997503641 0.7771985531429525 7.24816950916545 2.215239046047394
538 robust 0.19492112634527495 0.22411954309830778 0.162125923057682 0.7499767388725593 0.71282374030352 6.893986954670289 2.369772475634779
538 wt10g 0.16248710010319917 0.1911917493317337 0.1911917493317337 0.787730277810066 0.7421674904784211 6.991956592136884 2.3799052477902043
538 gov2 0.026900584795321637 0.11448598723120697 0.13206927557289616 0.7628512745715691 0.8207682978511214 6.818577974595253 2.059713091526163
538 wikipedia 0.20183178534571725 0.1661584334201989 0.09939570439192547 0.7237181210708625 0.8272049681635529 8.07414344088751 2.390694864951885
539 ap 0.0327485380116959 0.09877352545321286 0.0963431779067735 0.8007670133870682 0.640992994759834 7.436003759581419 2.7100226900231665
539 robust 0.05039559683522532 0.05880573168919131 0.10052950801818916 0.8340615439391376 0.7099034673219898 7.646309438880191 2.519884936404523
539 wt10g 0.09494324045407637 0.15990323590449276 0.15990323590449276 0.9071524567319016 0.7222749688174627 7.142072973059162 2.3837948581613517
539 gov2 0.04912280701754386 0.14616655856571847 0.13172981875081133 0.8304092992052335 0.8238442462414024 7.648551846274808 2.375933641942894
539 wikipedia 0.010526315789473684 0.07470054108878706 0.10066551172873825 0.8462863051220069 0.7894318270603462 7.2286931431075 2.3969200388766883
540 ap 0.10931372549019608 0.10814088260914242 0.13322901184044603 0.8522124691279113 0.7254505608132849 6.9761983887987356 2.4676475113728107
540 robust 0.05039559683522532 0.09596553714606845 0.12358912387835179 0.849676107194698 0.7768116563450126 7.246023348356456 2.4474305348686762
540 wt10g 0.15565875472996216 0.1847103891135098 0.1847103891135098 0.9322122155938662 0.8747225286407924 6.831194085401347 2.169367403627767
540 gov2 0.005263157894736842 0.09492506161405978 0.1470311480615606 0.8669317382833408 0.7770405874152212 7.238178086786187 2.303830449244875
540 wikipedia 0.053173374613003095 0.0796008582439721 0.11407907024299926 0.8757100964486908 0.8127337064436866 7.3810677740303285 2.3697585087224065
541 ap 0.05906432748538011 0.17700731403750167 0.19412982325415634 0.4202995963420741 0.7478371077408373 6.8854628857162945 2.3597069581263805
541 robust 0.26944444444444443 0.18437840098707817 0.16185785346318374 0.43077245570529815 0.6845653194417914 6.992382150666878 2.6038634257210376
541 wt10g 0.2620091896407686 0.7293489841774152 0.7293489841774152 0.8556233798435806 0.5849610708126891 6.2889187148964965 4.037514471318407
541 gov2 0.015789473684210527 0.4624682697315329 0.5320028740217206 0.7357043731411788 0.6273400515377768 5.975705051822736 3.414277140167939
541 wikipedia 0.07144822841417268 0.2567801822935415 0.25903300743423413 0.48170431859395885 0.8246060982306935 6.874584004252688 2.403171515209327
542 ap 0.0 0.027694329275803974 0.0662623416731717 0.7350315419557184 0.6974154489741147 7.247570160695769 2.565094802731678
542 robust 0.0 0.038727960350473344 0.04519207910057772 0.774829834800428 0.7029437833483896 7.171754273962337 2.560941025050828
542 wt10g 0.05263157894736842 0.12115555540109862 0.12115555540109862 0.8054815503211704 0.6452877613771729 6.782644363703744 2.7105097663733417
542 gov2 0.0 0.08539006118233437 0.09207169751977055 0.7863879285577516 0.6472282528959723 7.108530124286007 2.742047118163854
542 wikipedia 0.005263157894736842 0.0909177437843295 0.0784281477182908 0.7695144509279296 0.7507785158957868 7.123265722950841 2.5850555955104273
543 ap 0.005263157894736842 0.016025791345067302 0.06432743496472013 0.7655223082155762 0.7036297015052105 8.08908583239794 2.6207512387221863
543 robust 0.0 0.0215858989273371 0.06878256917215803 0.8003168824386884 0.6698353583973796 7.9711806873075535 2.8462021766465457
543 wt10g 0.11033711730306157 0.21921971432808238 0.21921971432808238 0.9155799785980494 0.8099555053174647 6.901748422543009 2.903134894853445
543 gov2 0.0 0.04444123821557204 0.20006168893964446 0.7645514187042008 0.7048145822659453 7.276086991219987 3.0051571991136377
543 wikipedia 0.026900584795321637 0.06340872792231657 0.09122457729466364 0.8191954519940293 0.7950439872808883 7.662735213745757 2.6878227938292953
544 ap 0.2626409538174244 0.20568863732261886 0.0667647299954878 0.6167757059274713 0.6901629689454195 9.127027432391504 2.7750209694801713
544 robust 0.19722222222222222 0.1857937502020108 0.07103619828914047 0.642727600509552 0.6908884714118197 9.248680920190512 2.8287234710831797
544 wt10g 0.20264877880976953 0.353068603320174 0.353068603320174 0.8384840967821046 0.7342997627134942 7.897159695436914 3.001125403744405
544 gov2 0.005263157894736842 0.23552636068648922 0.11722371865611314 0.6979847518584814 0.8208245898295002 8.759561162299097 2.9424588085651475
544 wikipedia 0.02631578947368421 0.11347696384898416 0.08875486458394337 0.6719444117349604 0.7715219040501204 8.76085124105427 2.913115573206227
545 ap 0.06219470244238046 0.08046466294534967 0.04605667376669797 0.8757466034783707 0.7505046842010576 6.983677264658078 2.42781841174032
545 robust 0.0 0.06257548720261802 0.06233916370118363 0.8984752875476621 0.8008869373269586 6.366835665784734 2.126701442709419
545 wt10g 0.09425524595803234 0.10031096364706779 0.10031096364706779 0.8984074019328381 0.7661955454559489 6.911039897023143 2.4805122608585632
545 gov2 0.021052631578947368 0.11628441905006445 0.09872141873812179 0.8973412538008052 0.7846718893567717 7.6266139277872105 2.702835240400052
545 wikipedia 0.03529411764705882 0.0821358032557158 0.08167570472687251 0.9059779732267755 0.8666656595606921 6.526202374242004 2.0442061032278573
546 ap 0.36959706959706956 0.2864953829413582 0.1531223975046187 0.6181621617651994 0.705848306516455 7.667982178096676 2.5555933175720145
546 robust 0.19055727554179566 0.1848123596355136 0.14175641750467194 0.6212792288017116 0.7395822632863415 7.5685231501160555 2.364952382731361
546 wt10g 0.14748882008943928 0.2485088678831482 0.2485088678831482 0.7312737507953737 0.5810958364046548 7.320009897816276 3.140405010717795
546 gov2 0.03611111111111111 0.14256950140152158 0.30889376986887934 0.6823703589359627 0.6670025217069655 7.56795294857346 3.44296776399875
546 wikipedia 0.15183178534571723 0.16725103639997588 0.11665852749905886 0.6342180242887688 0.7289526057839413 7.928393104520188 2.641524842529771
547 ap 0.04582043343653251 0.045263413328056834 0.04089091698615035 0.8225811142617826 0.7065138274984124 8.400689378202626 2.66689949019466
547 robust 0.005263157894736842 0.02371788285718198 0.029987956076021147 0.8333168635109653 0.7048576266535899 8.563837854041463 2.7500422846574173
547 wt10g 0.11468008255933952 0.06463680573500746 0.06463680573500746 0.8883011807334512 0.6984736419207868 8.127358303939577 2.9919209919689913
547 gov2 0.015789473684210527 0.06603573584496417 0.05408776939617344 0.7863559207664258 0.5816267348761085 9.0060187271399 3.4972046150901863
547 wikipedia 0.06111111111111111 0.04499443973810712 0.042364295484548425 0.8300217588470691 0.792555123913024 7.929732364645907 2.7486275705772893
548 ap 0.10356897144822841 0.07909257697463819 0.08730742966156883 0.829737262394121 0.689079041458167 7.314234524118688 2.6344164718452334
548 robust 0.1907673595754091 0.21856268961716965 0.2057998501859009 0.835934110110726 0.6882700239466405 7.13793737055427 2.5827390235778473
548 wt10g 0.3021708683473389 0.29586181608086104 0.29586181608086104 0.8994629644624887 0.7535183757835272 6.876486822254997 2.4585315510246954
548 gov2 0.08333333333333333 0.2453116759016985 0.30118561136170985 0.870577884982526 0.8339513727494773 6.7064096769252 2.368906502425164
548 wikipedia 0.17111283109735123 0.2509293142343301 0.2573190885431026 0.8812523262114237 0.8247880065490746 7.076043598718223 2.386432862882914
549 ap 0.05338345864661654 0.17963624999842295 0.14259878415934835 0.6730207940134858 0.7176423452047799 7.786402917962956 2.690053371206319
549 robust 0.03684210526315789 0.16085595491115584 0.11468473314514761 0.6875432172847358 0.6916221255899659 7.915862705078071 2.765719295793387
549 wt10g 0.07017543859649122 0.2273918911839002 0.2273918911839002 0.8391762342946445 0.7027491937186846 6.8806423502196274 3.2345821460366153
549 gov2 0.010526315789473684 0.14192684354171248 0.13959036935498328 0.6812242825890258 0.7491677131323597 7.096669425806625 2.6618868386485923
549 wikipedia 0.02631578947368421 0.17259796954113632 0.1481690936636602 0.7293285206267014 0.7793591193357655 7.47170568596678 2.8448519284612748
550 ap 0.2831055769136264 0.17683226747825334 0.11106863592320693 0.6769767173700746 0.7325950410627515 8.252068016919473 2.830514951986144
550 robust 0.21029411764705883 0.061589140602521464 0.06679609700225539 0.6654665683642241 0.7450534973431757 8.514005756646078 2.848315794791655
550 wt10g 0.26347316254437 0.15030478937619135 0.15030478937619135 0.7345131742492058 0.6182956843793885 7.85763721200132 3.389848948980885
550 gov2 0.06676986584107326 0.19903959082004138 0.18851048990564762 0.7186729316002761 0.7754081021648601 7.890044710550536 2.9887022944216017
550 wikipedia 0.07788097695218438 0.13614802591738687 0.12339273485981274 0.6812270990708534 0.8149631351720784 7.706420991891116 2.758318006821313
